to,from,id,pcts_code,,,,,
1948,1948,9212,4460200612,,,,,
1948,1948,9174,4460200608,,,,,
1948,1948,9176,4460200606,,,,,
1948,1948,9216,4460200613,,,,,
1948,1948,9211,4460200611,,,,,
1951,1951,9224,4460200211,,,,,
1951,1951,9198,4460200205,,,,,
1951,1951,9199,4460200203,,,,,
1951,1951,9226,4460200212,,,,,
1951,1951,9200,4460200204,,,,,
1951,5454,9546,4460200213,,,,,
1952,1952,9202,4460200403,,,,,
1952,1952,9204,4460200404,,,,,
1952,1998,9438,4460200405,,,,,
1952,1952,9206,4460200402,,,,,
1953,1953,9207,4460200705,,,,,
1953,1953,9208,4460200702,,,,,
1953,1953,9175,4460200706,,,,,
1953,1953,9210,4460200703,,,,,
1954,1954,9213,4460200505,,,,,
1954,1954,9215,4460200504,,,,,
1954,1954,20574,4460200507,,,,,
1954,1954,9217,4460200503,,,,,
1956,1956,9223,4460200102,,,,,
1956,1956,9225,4460200104,,,,,
1956,1956,9180,4460200114,,,,,
1956,1956,9182,4460200113,,,,,
1956,1956,9227,4460200105,,,,,
1956,1956,9228,4460200110,,,,,
1956,1956,9230,4460200108,,,,,
1956,1956,9232,4460200109,,,,,
1957,1957,9201,4460200304,,,,,
1958,1958,9237,4460300605,,,,,
1958,1958,9238,4460300603,,,,,
1958,1958,9239,4460300604,,,,,
1958,1958,9240,4460300606,,,,,
1959,1959,9244,4460350205,,,,,
1959,1959,9246,4460350209,,,,,
1959,1959,9247,4460350203,,,,,
1959,1959,9248,4460350204,,,,,
1959,1959,9249,4460350207,,,,,
#N/A,1959,9242,4460301004,,,,,
#N/A,1959,9243,4460301006,,,,,
#N/A,1959,9245,4460301005,,,,,
#N/A,1963,9274,4460301002,,,,,
#N/A,1963,20804,4460301003,,,,,
#N/A,1959,9250,4460301007,,,,,
1960,1960,9251,4460300106,,,,,
1960,1960,9252,4460300104,,,,,
1960,1960,9253,4460300107,,,,,
1960,1960,9255,4460300103,,,,,
1961,1961,9256,4460300804,,,,,
1961,1961,9258,4460300803,,,,,
1961,1961,9259,4460300802,,,,,
1962,1962,9261,4460300702,,,,,
1962,1962,9262,4460300704,,,,,
1962,1962,9263,4460300705,,,,,
1963,1963,9264,4460350107,,,,,
1963,1963,9265,4460350110,,,,,
1963,1963,9267,4460350108,,,,,
1963,1963,9269,4460350106,,,,,
1963,1963,9270,4460350103,,,,,
1963,1963,9271,4460350102,,,,,
1963,1963,9272,4460350105,,,,,
1964,1964,9275,4460300509,,,,,
1964,1964,9276,4460300504,,,,,
1964,1964,9277,4460300506,,,,,
1964,1964,9279,4460300505,,,,,
1964,1964,9280,4460300508,,,,,
1964,1964,9281,4460300503,,,,,
1965,1965,9282,4460300904,,,,,
1965,1965,9283,4460300903,,,,,
1965,1965,9284,4460300902,,,,,
1966,1966,9286,4460300207,,,,,
1966,1966,9287,4460300204,,,,,
1966,1966,20604,4460300210,,,,,
1966,1966,9289,4460300209,,,,,
1966,1966,9290,4460300202,,,,,
1966,1966,9291,4460300208,,,,,
1967,1967,9273,4460300411,,,,,
1967,1967,9292,4460300405,,,,,
1967,1967,20601,4460300410,,,,,
1967,1967,20602,4460300409,,,,,
1967,1967,9293,4460300402,,,,,
1967,1967,9295,4460300404,,,,,
1991,1991,20631,4460400110,,,,,
1991,1991,9393,4460400102,,,,,
1991,1991,9394,4460400103,,,,,
1991,1991,9395,4460400106,,,,,
1991,1991,9397,4460400104,,,,,
1991,1991,9398,4460400107,,,,,
1991,1937,9164,4460400111,,,,,
1991,1991,9399,4460400105,,,,,
1991,1991,9400,4460400108,,,,,
1991,1991,9401,4460400109,,,,,
1992,1992,9403,4460400613,,,,,
1992,1992,9404,4460400608,,,,,
1992,1992,9405,4460400612,,,,,
1992,1992,9451,4460400614,,,,,
1993,1993,9406,4460400506,,,,,
1993,1993,9408,4460400508,,,,,
1993,1993,9409,4460400510,,,,,
1993,1993,9410,4460400502,,,,,
1993,1993,9411,4460400511,,,,,
1993,1993,9412,4460400507,,,,,
1993,1993,9413,4460400509,,,,,
1994,1994,9414,4460400309,,,,,
1994,1994,9415,4460400307,,,,,
1994,1994,9416,4460400303,,,,,
1994,1994,9418,4460400302,,,,,
1994,1994,9421,4460400310,,,,,
1995,1995,9422,4460450204,,,,,
1995,1995,9423,4460450212,,,,,
1995,1995,9425,4460450208,,,,,
1995,1995,20632,4460450214,,,,,
1996,1996,9450,4460400805,,,,,
1996,1996,9452,4460400806,,,,,
1997,1997,9432,4460400904,,,,,
1998,1998,9433,4460400202,,,,,
1998,5453,9434,4460400211,,,,,
1998,1998,9435,4460400208,,,,,
1998,1998,9436,4460400207,,,,,
1998,1998,20633,4460400210,,,,,
1998,1998,9438,4460400204,,,,,
1998,1998,9439,4460400209,,,,,
1998,1998,9440,4460400206,,,,,
1999,1999,9442,4460450105,,,,,
1999,1999,9443,4460450102,,,,,
1999,1999,9444,4460450103,,,,,
1999,1999,9445,4460450110,,,,,
1999,1959,9247,4460450108,,,,,
1999,1999,9448,4460450106,,,,,
1999,1999,9449,4460450107,,,,,
5453,5453,20634,4460401304,,,,,
5453,5453,9419,4460401303,,,,,
5453,5453,9441,4460401305,,,,,
2001,2001,9455,4460401105,,,,,
2001,2001,9457,4460401104,,,,,
#N/A,2006,9489,4460160114,,,,,
#N/A,2006,9481,4460160128,,,,,
#N/A,2006,9490,4460160105,,,,,
#N/A,2006,9491,4460160119,,,,,
#N/A,2006,9482,4460160129,,,,,
#N/A,2006,9492,4460160109,,,,,
#N/A,2006,9493,4460160118,,,,,
#N/A,2006,9494,4460160106,,,,,
#N/A,2006,9495,4460160110,,,,,
#N/A,2006,9496,4460160120,,,,,
#N/A,2006,9497,4460160116,,,,,
#N/A,2006,9498,4460160121,,,,,
#N/A,2006,9499,4460160123,,,,,
#N/A,2006,9500,4460160104,,,,,
#N/A,2006,9501,4460160112,,,,,
#N/A,2006,9518,4460160126,,,,,
#N/A,1984,9356,4460160115,,,,,
#N/A,2006,9488,4460160127,,,,,
#N/A,2006,9503,4460160117,,,,,
#N/A,2006,9504,4460160113,,,,,
#N/A,2006,9506,4460160122,,,,,
#N/A,2006,9507,4460160125,,,,,
2002,2002,9459,4460100710,,,,,
2002,2002,9460,4460100709,,,,,
2002,5445,9157,4460100712,,,,,
2003,2003,9465,4460101410,,,,,
2003,2003,9467,4460101413,,,,,
2003,2003,9468,4460101405,,,,,
2004,2004,9470,4460100513,,,,,
2004,2004,9471,4460100512,,,,,
2004,2004,9472,4460100516,,,,,
2004,2004,9474,4460100511,,,,,
2004,2004,9475,4460100503,,,,,
2004,2004,9476,4460100514,,,,,
2004,2004,9477,4460100510,,,,,
2004,2004,9478,4460100515,,,,,
2004,2004,9479,4460100505,,,,,
2004,2004,9480,4460100504,,,,,
2370,2370,9466,4460101603,,,,,
2370,2370,9469,4460101604,,,,,
2370,2370,9463,4460101602,,,,,
2005,2005,9483,4460500302,,,,,
2005,2005,9484,4460500313,,,,,
2005,2005,9485,4460500303,,,,,
2005,2005,9486,4460500314,,,,,
2007,2007,9508,4460500206,,,,,
2007,2007,9509,4460500212,,,,,
2007,2007,9510,4460500213,,,,,
2007,2007,9511,4460500205,,,,,
2007,2007,9513,4460500204,,,,,
2007,2007,9514,4460500203,,,,,
2007,2007,9515,4460500202,,,,,
2008,2008,9516,4460500102,,,,,
2008,1996,9450,4460500104,,,,,
2008,2008,9519,4460500106,,,,,
2008,2008,9520,4460500105,,,,,
2008,2008,20639,4460500107,,,,,
2000,2000,9429,4460500405,,,,,
2000,2000,9430,4460500406,,,,,
2000,2000,9427,4460500407,,,,,
2000,2000,9428,4460500408,,,,,
682,2729,13184,1350250206,,,,,
682,682,3543,1350250203,,,,,
682,682,3544,1350250202,,,,,
682,682,3545,1350250204,,,,,
684,684,3557,1350250104,,,,,
684,684,3547,1350250109,,,,,
684,684,3559,1350250103,,,,,
684,738,3834,1350250102,,,,,
684,684,3550,1350250108,,,,,
684,684,19601,1350250111,,,,,
684,684,3597,1350250110,,,,,
684,684,3561,1350250107,,,,,
684,684,3562,1350250106,,,,,
684,684,3563,1350250105,,,,,
688,688,3593,1350200103,,,,,
688,688,3596,1350200102,,,,,
3079,3079,3587,1350200202,,,,,
3079,3079,3588,1350200206,,,,,
3079,3079,3589,1350200205,,,,,
3079,3079,3590,1350200204,,,,,
3079,3079,19602,1350200207,,,,,
3079,3079,3591,1350200203,,,,,
2720,2720,13140,1350400702,,,,,
2720,2720,13141,1350400706,,,,,
2720,2720,13142,1350400704,,,,,
2720,2720,13143,1350400705,,,,,
2720,2720,13144,1350400703,,,,,
2721,2721,13146,1350401603,,,,,
2721,2721,13147,1350401604,,,,,
2721,2721,13148,1350401605,,,,,
2721,2721,13149,1350401602,,,,,
2722,2722,13151,1350401105,,,,,
2722,2722,13152,1350401107,,,,,
2722,2722,13153,1350401108,,,,,
2722,2722,13154,1350401103,,,,,
2722,2722,13155,1350401109,,,,,
2722,2722,13156,1350401104,,,,,
2722,2722,13157,1350401102,,,,,
2723,2723,13159,1350400402,,,,,
2723,2723,13160,1350400403,,,,,
2723,2723,13161,1350400405,,,,,
2723,2723,13162,1350400406,,,,,
2723,2723,13163,1350400404,,,,,
2724,2724,13165,1350400304,,,,,
2724,2724,13166,1350400302,,,,,
2724,2724,13167,1350400303,,,,,
2726,2726,13170,1350401503,,,,,
2726,2726,13171,1350401502,,,,,
2727,2727,13172,1350450308,,,,,
2727,2727,13173,1350450302,,,,,
2727,2727,13175,1350450303,,,,,
2728,2728,13176,1350400603,,,,,
2728,2728,13177,1350400602,,,,,
2728,2728,13179,1350400605,,,,,
2729,2729,13180,1350400905,,,,,
2729,2729,13181,1350400906,,,,,
2729,2729,13182,1350400907,,,,,
2729,2729,13184,1350400904,,,,,
2730,2730,13185,1350401402,,,,,
2730,2730,13187,1350401403,,,,,
2731,2731,13188,1350450402,,,,,
2731,2731,13190,1350450407,,,,,
2732,2732,13191,1350400505,,,,,
2732,2732,13192,1350400506,,,,,
2732,2732,13193,1350400502,,,,,
2732,2732,13195,1350400504,,,,,
2732,2732,13196,1350400503,,,,,
2733,2733,13198,1350401302,,,,,
2734,2734,13199,1350400204,,,,,
2734,2734,13200,1350400202,,,,,
2734,2734,13201,1350400206,,,,,
2734,2734,13203,1350400203,,,,,
2735,2735,13204,1350401004,,,,,
2735,2735,13205,1350401008,,,,,
2736,2736,13207,1350450509,,,,,
2736,2736,13208,1350450504,,,,,
2736,2736,13209,1350450502,,,,,
2736,2736,13210,1350450505,,,,,
2736,2736,13212,1350450506,,,,,
2737,2737,13213,1350401803,,,,,
2737,2737,13214,1350401802,,,,,
50,50,141,1350500406,,,,,
50,50,143,1350500407,,,,,
50,50,144,1350500408,,,,,
50,50,145,1350500402,,,,,
51,51,146,1350500702,,,,,
51,51,147,1350500704,,,,,
51,685,3570,1350500703,,,,,
51,51,19526,1350500705,,,,,
52,52,150,1350550103,,,,,
52,52,19707,1350550113,,,,,
52,52,151,1350550106,,,,,
52,52,152,1350550102,,,,,
52,52,154,1350550111,,,,,
52,52,155,1350550108,,,,,
52,52,156,1350550109,,,,,
52,52,157,1350550110,,,,,
52,52,158,1350550107,,,,,
53,2729,13180,1350500302,,,,,
53,53,160,1350500308,,,,,
53,53,161,1350500303,,,,,
53,53,19708,1350500314,,,,,
53,53,162,1350500304,,,,,
53,53,163,1350500310,,,,,
53,53,19709,1350500315,,,,,
53,53,165,1350500306,,,,,
53,2736,13212,1350500305,,,,,
53,53,167,1350500307,,,,,
53,53,19710,1350500313,,,,,
5306,5306,168,1350500603,,,,,
5306,5306,170,1350500604,,,,,
5306,5306,171,1350500605,,,,,
5306,5306,172,1350500602,,,,,
55,55,19711,1350500516,,,,,
55,55,173,1350500510,,,,,
55,55,174,1350500506,,,,,
55,55,175,1350500509,,,,,
55,55,176,1350500504,,,,,
55,730,3783,1350500514,,,,,
55,55,177,1350500503,,,,,
55,741,3853,1350500515,,,,,
55,691,3607,1350500513,,,,,
55,55,19714,1350500512,,,,,
55,55,178,1350500502,,,,,
55,55,179,1350500507,,,,,
55,55,19716,1350500517,,,,,
55,55,181,1350500511,,,,,
55,55,182,1350500508,,,,,
55,55,183,1350500505,,,,,
56,56,184,1350550203,,,,,
56,56,185,1350550202,,,,,
80,2749,13274,1350103203,,,,,
80,80,310,1350103204,,,,,
80,80,312,1350103209,,,,,
80,80,313,1350103210,,,,,
80,80,314,1350103202,,,,,
80,80,315,1350103205,,,,,
81,81,316,1350103105,,,,,
81,81,317,1350103104,,,,,
81,81,19724,1350103107,,,,,
81,81,318,1350103102,,,,,
81,81,320,1350103106,,,,,
81,81,321,1350103103,,,,,
82,82,322,1350103405,,,,,
82,82,323,1350103410,,,,,
82,82,19202,1350103411,,,,,
82,82,325,1350103406,,,,,
82,82,326,1350103409,,,,,
82,82,327,1350103407,,,,,
82,82,328,1350103408,,,,,
83,2766,19147,1350100107,,,,,
83,40,19852,1350100106,,,,,
83,83,329,1350100102,,,,,
83,83,19738,1350100105,,,,,
83,83,331,1350100103,,,,,
83,2709,19730,1350100104,,,,,
84,756,3935,1350102910,,,,,
84,84,333,1350102903,,,,,
84,760,3958,1350102909,,,,,
84,84,335,1350102904,,,,,
84,84,336,1350102902,,,,,
84,84,337,1350102907,,,,,
84,2709,19730,1350102906,,,,,
85,85,339,1350150402,,,,,
85,85,341,1350150404,,,,,
85,85,19729,1350150407,,,,,
85,85,343,1350150403,,,,,
85,757,3945,1350150405,,,,,
1921,1921,346,1350150516,,,,,
1921,1921,347,1350150507,,,,,
1921,1921,348,1350150508,,,,,
1921,1921,349,1350150514,,,,,
1921,1921,350,1350150515,,,,,
1921,1921,19732,1350150518,,,,,
1921,1921,352,1350150517,,,,,
88,88,353,1350103503,,,,,
88,88,340,1350103505,,,,,
88,88,354,1350103504,,,,,
88,88,19733,1350103506,,,,,
88,88,355,1350103502,,,,,
88,88,19734,1350103507,,,,,
2766,2766,19147,1350300511,,,,,
2766,2766,13349,1350300508,,,,,
2766,2736,13210,1350300512,,,,,
2766,2766,13350,1350300507,,,,,
2766,2766,13351,1350300506,,,,,
2766,2766,13352,1350300505,,,,,
2767,2767,13354,1350350502,,,,,
2767,2767,13355,1350350503,,,,,
2767,2767,13356,1350350505,,,,,
2767,2767,13357,1350350504,,,,,
2767,2767,19750,1350350506,,,,,
2767,2767,13398,1350350507,,,,,
2768,2768,13359,1350300705,,,,,
2768,2768,13360,1350300702,,,,,
2768,2768,13361,1350300704,,,,,
2769,2769,13362,1350300207,,,,,
2769,2769,13365,1350300205,,,,,
2770,2770,13366,1350300402,,,,,
2770,2770,13368,1350300403,,,,,
2770,2770,13369,1350300404,,,,,
2770,2770,13370,1350300406,,,,,
2770,2770,13371,1350300407,,,,,
2770,2770,13372,1350300405,,,,,
2771,2771,13373,1350300602,,,,,
2771,2771,13374,1350300605,,,,,
2771,2771,13375,1350300611,,,,,
2771,2771,13377,1350300603,,,,,
2771,2771,13378,1350300604,,,,,
2772,2772,13379,1350300802,,,,,
2772,2772,13380,1350300805,,,,,
2772,2772,13381,1350300804,,,,,
2772,2772,13383,1350300803,,,,,
2773,2773,13384,1350350306,,,,,
2773,2773,13385,1350350305,,,,,
2773,2773,13387,1350350304,,,,,
2774,2774,13388,1350300102,,,,,
2774,2774,13389,1350300106,,,,,
2774,2774,19757,1350300107,,,,,
2774,2774,13390,1350300103,,,,,
2774,2774,13364,1350300108,,,,,
2775,2775,13394,1350350402,,,,,
2775,2775,13395,1350350407,,,,,
2775,2775,13396,1350350406,,,,,
2775,2775,13391,1350350410,,,,,
2775,2775,13397,1350350403,,,,,
2775,2775,13399,1350350405,,,,,
2775,2775,13393,1350350409,,,,,
2776,2729,13180,1350300909,,,,,
2776,2776,13401,1350300902,,,,,
2776,2776,13402,1350300906,,,,,
2776,2776,13403,1350300903,,,,,
2776,2704,13047,1350300908,,,,,
2776,2776,13405,1350300904,,,,,
2776,2776,13406,1350300905,,,,,
764,764,3978,1070700402,,,,,
764,764,3979,1070700408,,,,,
764,764,3980,1070700404,,,,,
764,764,3984,1070700409,,,,,
764,764,3985,1070700403,,,,,
765,765,3987,1070700502,,,,,
765,765,3988,1070700503,,,,,
765,765,3989,1070700504,,,,,
766,766,3990,1070700305,,,,,
767,767,3992,1070700102,,,,,
767,767,3993,1070700106,,,,,
767,767,3994,1070700104,,,,,
767,767,3996,1070700107,,,,,
767,767,3997,1070700103,,,,,
767,767,3998,1070700105,,,,,
768,768,3999,1070750208,,,,,
768,768,4000,1070750203,,,,,
768,768,4001,1070750204,,,,,
768,768,4002,1070750205,,,,,
768,768,4003,1070750202,,,,,
768,768,19679,1070750209,,,,,
768,768,4005,1070750206,,,,,
768,768,4006,1070750207,,,,,
5236,5236,3981,1070700602,,,,,
5236,5236,3983,1070700603,,,,,
2775,2775,4007,1070750111,,,,,
2775,2775,4008,1070750103,,,,,
2775,2775,4009,1070750110,,,,,
2775,2775,4010,1070750102,,,,,
2775,2775,4011,1070750104,,,,,
2775,2775,4012,1070750109,,,,,
2775,2775,4013,1070750108,,,,,
2775,2775,4014,1070750107,,,,,
2775,2775,4016,1070750106,,,,,
2775,2775,4017,1070750105,,,,,
#N/A,134,503,2420260104,,,,,
#N/A,134,504,2420260106,,,,,
#N/A,134,505,2420260105,,,,,
#N/A,1656,8190,2420260103,,,,,
#N/A,134,507,2420260102,,,,,
#N/A,134,508,2420260111,,,,,
135,135,512,2420200907,,,,,
135,135,513,2420200904,,,,,
135,135,19599,2420200910,,,,,
135,135,515,2420200902,,,,,
135,135,516,2420200908,,,,,
135,135,518,2420200906,,,,,
135,135,519,2420200903,,,,,
135,135,520,2420200909,,,,,
5168,5168,562,2420201106,,,,,
5168,5168,563,2420201105,,,,,
5168,5168,535,2420201104,,,,,
5168,5168,537,2420201102,,,,,
136,136,551,2420200515,,,,,
136,136,525,2420200510,,,,,
136,136,509,2420200517,,,,,
136,136,527,2420200507,,,,,
136,136,558,2420200516,,,,,
136,136,510,2420200518,,,,,
136,136,531,2420200502,,,,,
136,136,511,2420200519,,,,,
136,136,532,2420200508,,,,,
137,137,533,2420200613,,,,,
137,137,534,2420200602,,,,,
137,137,19617,2420200615,,,,,
137,137,538,2420200607,,,,,
137,137,539,2420200611,,,,,
137,137,540,2420200614,,,,,
137,137,541,2420200612,,,,,
138,138,543,2420200408,,,,,
138,138,544,2420200409,,,,,
138,138,545,2420200411,,,,,
138,138,546,2420200413,,,,,
138,138,548,2420200412,,,,,
138,138,549,2420200405,,,,,
139,139,550,2420250310,,,,,
139,1772,19323,2420250314,,,,,
139,139,552,2420250306,,,,,
139,139,553,2420250304,,,,,
139,139,555,2420250308,,,,,
139,139,556,2420250311,,,,,
139,139,557,2420250313,,,,,
139,139,559,2420250312,,,,,
139,139,560,2420250307,,,,,
140,140,521,2420201008,,,,,
140,140,522,2420201002,,,,,
140,140,523,2420201005,,,,,
140,140,524,2420201003,,,,,
140,140,528,2420201007,,,,,
140,140,529,2420201004,,,,,
140,140,530,2420201006,,,,,
140,140,19618,2420201009,,,,,
141,141,572,2420250412,,,,,
141,1760,8370,2420250404,,,,,
141,141,574,2420250413,,,,,
141,141,567,2420250409,,,,,
142,142,568,2420200305,,,,,
142,142,569,2420200306,,,,,
142,142,570,2420200310,,,,,
142,142,571,2420200313,,,,,
142,142,573,2420200318,,,,,
142,1797,8531,2420200307,,,,,
143,143,19251,2420250215,,,,,
143,143,19241,2420250216,,,,,
143,143,578,2420250202,,,,,
143,143,579,2420250212,,,,,
143,143,580,2420250213,,,,,
143,143,581,2420250209,,,,,
143,143,582,2420250211,,,,,
143,143,584,2420250206,,,,,
143,143,19224,2420250214,,,,,
5243,5243,586,2420150202,,,,,
5243,5243,587,2420150204,,,,,
5243,5243,588,2420150203,,,,,
146,146,591,2420100410,,,,,
146,146,592,2420100411,,,,,
146,146,593,2420100404,,,,,
146,146,594,2420100407,,,,,
146,146,595,2420100405,,,,,
147,147,597,2420100105,,,,,
147,147,598,2420100103,,,,,
147,147,601,2420100102,,,,,
147,147,602,2420100107,,,,,
148,148,603,2420100510,,,,,
148,148,604,2420100511,,,,,
148,148,605,2420100503,,,,,
148,148,606,2420100509,,,,,
148,148,19117,2420100512,,,,,
148,148,608,2420100504,,,,,
148,148,609,2420100508,,,,,
149,149,610,2420150502,,,,,
149,149,611,2420150507,,,,,
149,149,612,2420150506,,,,,
149,149,19625,2420150508,,,,,
149,149,614,2420150504,,,,,
150,150,615,2420100707,,,,,
150,150,620,2420100714,,,,,
150,150,621,2420100712,,,,,
150,150,622,2420100713,,,,,
150,150,619,2420100703,,,,,
151,151,596,2420100908,,,,,
151,151,600,2420100909,,,,,
151,151,624,2420100904,,,,,
151,1763,8390,2420100902,,,,,
151,151,626,2420100903,,,,,
663,663,627,2420150403,,,,,
663,663,628,2420150402,,,,,
2402,2402,630,2420100804,,,,,
2402,2402,631,2420100805,,,,,
2402,1751,8323,2420100809,,,,,
2402,2402,19629,2420100810,,,,,
2402,2402,632,2420100807,,,,,
154,154,634,2420100313,,,,,
154,154,635,2420100304,,,,,
154,154,636,2420100315,,,,,
154,154,616,2420100319,,,,,
154,154,617,2420100318,,,,,
1761,1761,8407,2420350305,,,,,
1761,1761,8377,2420350304,,,,,
3415,1771,8423,2420301702,,,,,
#N/A,5104,8376,2420301502,,,,,
5330,5330,8427,2420301603,,,,,
5330,5330,8428,2420301602,,,,,
1763,1763,8387,2420301205,,,,,
1763,1650,8152,2420301206,,,,,
1763,1763,8390,2420301203,,,,,
1765,1765,8398,2420300404,,,,,
1765,1765,8399,2420300402,,,,,
1766,1766,8402,2420300503,,,,,
1766,1766,8404,2420300504,,,,,
1766,1766,8405,2420300505,,,,,
1766,1766,8406,2420300506,,,,,
3408,3408,8409,2420300605,,,,,
1769,1769,19343,2420350107,,,,,
1769,1769,8412,2420350102,,,,,
1769,1769,8413,2420350106,,,,,
1769,1769,8415,2420350105,,,,,
1770,1770,8416,2420300806,,,,,
1770,1770,8417,2420300807,,,,,
1770,1770,8418,2420300802,,,,,
1770,1770,8419,2420300804,,,,,
1772,1772,19323,2420301110,,,,,
1772,1772,8425,2420301103,,,,,
1772,1772,8426,2420301112,,,,,
1772,1772,8403,2420301111,,,,,
1772,1772,8430,2420301102,,,,,
1773,1773,8431,2420301003,,,,,
1773,1773,8432,2420301002,,,,,
1790,1790,8498,2420500604,,,,,
1790,1790,8499,2420500605,,,,,
2679,2679,8533,2420500502,,,,,
1762,1762,8379,2420500110,,,,,
1762,1762,8380,2420500109,,,,,
1762,1653,8169,2420500103,,,,,
1762,1762,8382,2420500106,,,,,
1762,1762,8383,2420500104,,,,,
1762,1762,8384,2420500108,,,,,
1762,1762,8385,2420500105,,,,,
1762,1762,8386,2420500107,,,,,
1764,1764,8391,2420550110,,,,,
1764,1764,8393,2420550106,,,,,
1764,1764,8394,2420550103,,,,,
1764,1764,8395,2420550107,,,,,
1764,1764,8396,2420550109,,,,,
1764,1764,8397,2420550108,,,,,
1768,1768,8410,2420500302,,,,,
1798,1798,19250,2420500704,,,,,
1798,1798,8535,2420500703,,,,,
1799,1799,8536,2420550202,,,,,
1799,1799,19990,2420550205,,,,,
1799,1799,8537,2420550203,,,,,
1799,1799,8538,2420550204,,,,,
1800,1800,8540,2420500802,,,,,
1800,1800,8541,2420500803,,,,,
253,253,1120,2420601204,,,,,
253,253,1122,2420601208,,,,,
253,253,1123,2420601202,,,,,
253,253,1124,2420601203,,,,,
254,254,1125,2420601302,,,,,
254,254,1127,2420601305,,,,,
254,254,1128,2420601304,,,,,
254,254,1129,2420601303,,,,,
2783,2783,1130,2420600507,,,,,
2783,2783,1131,2420600503,,,,,
2783,2783,1133,2420600505,,,,,
2783,2783,19211,2420600511,,,,,
2783,2783,1134,2420600504,,,,,
2783,2783,1135,2420600508,,,,,
2783,2783,1136,2420600506,,,,,
256,256,1138,2420600406,,,,,
256,256,1139,2420600408,,,,,
256,256,1140,2420600407,,,,,
257,257,1141,2420600206,,,,,
257,257,1142,2420600203,,,,,
257,257,1144,2420600205,,,,,
258,258,1145,2420651008,,,,,
258,258,1146,2420651009,,,,,
258,258,1147,2420651006,,,,,
258,258,1148,2420651007,,,,,
259,259,1150,2420600703,,,,,
259,259,1151,2420600709,,,,,
259,259,1152,2420600702,,,,,
260,260,20358,2420651106,,,,,
260,260,1154,2420651103,,,,,
260,260,1155,2420651105,,,,,
260,260,1157,2420651102,,,,,
261,261,1158,2420601102,,,,,
261,261,1160,2420601105,,,,,
261,261,1161,2420601104,,,,,
261,261,1162,2420601103,,,,,
262,262,1164,2420650703,,,,,
262,262,1165,2420650706,,,,,
262,262,1166,2420650707,,,,,
262,262,1168,2420650704,,,,,
262,262,1169,2420650702,,,,,
263,263,1170,2420650904,,,,,
263,263,1171,2420650903,,,,,
263,263,1172,2420650902,,,,,
1788,1788,8488,2420401504,,,,,
1788,1788,8489,2420401503,,,,,
1788,1788,8490,2420401502,,,,,
1789,1789,19977,2420450611,,,,,
1789,1789,8494,2420450606,,,,,
1789,1789,8495,2420450608,,,,,
1791,1791,8501,2420400205,,,,,
1791,1791,19981,2420400207,,,,,
1791,1791,19982,2420400208,,,,,
2230,2230,8504,2420400304,,,,,
2230,2230,8505,2420400310,,,,,
2230,2230,8506,2420400305,,,,,
2230,2230,8507,2420400306,,,,,
2230,2230,8508,2420400307,,,,,
1793,1793,8511,2420400511,,,,,
1793,1793,8518,2420400509,,,,,
1793,1793,8512,2420400505,,,,,
1793,1793,8520,2420400510,,,,,
1794,1794,8515,2420400602,,,,,
1794,1794,8517,2420400608,,,,,
1794,1794,8519,2420400605,,,,,
1794,1794,8521,2420400607,,,,,
5126,5126,8492,2420401602,,,,,
5126,5126,8493,2420401603,,,,,
5126,5126,8513,2420401606,,,,,
5126,1762,8384,2420401604,,,,,
1795,1795,8522,2420401206,,,,,
1795,1795,8523,2420401203,,,,,
1795,1795,8525,2420401204,,,,,
1796,1796,8527,2420401402,,,,,
1796,1796,8502,2420401405,,,,,
1797,1797,8528,2420450509,,,,,
1797,1797,8543,2420450510,,,,,
1797,1797,8530,2420450505,,,,,
1797,1797,8531,2420450506,,,,,
1797,1797,8532,2420450507,,,,,
1802,1802,8545,2420450403,,,,,
1802,1802,8546,2420450404,,,,,
1802,1802,19248,2420450409,,,,,
1802,1802,8547,2420450405,,,,,
1802,1802,8548,2420450406,,,,,
1802,1802,8549,2420450407,,,,,
1826,1826,8684,2410100403,,,,,
1826,1826,8685,2410100405,,,,,
1826,1826,8686,2410100404,,,,,
1827,1827,8687,2410101302,,,,,
1827,1827,8689,2410101304,,,,,
1827,1827,8680,2410101306,,,,,
1827,1827,8691,2410101305,,,,,
1829,1829,8697,2410100503,,,,,
1829,1829,8698,2410100502,,,,,
1829,1829,8700,2410100504,,,,,
1829,1829,8701,2410100505,,,,,
1830,1830,8702,2410100607,,,,,
1830,1830,8690,2410100609,,,,,
1833,1833,8719,2410150704,,,,,
1833,1803,8554,2410150702,,,,,
1833,1833,8722,2410150706,,,,,
1835,1835,8728,2410101402,,,,,
1835,1835,19804,2410101404,,,,,
1835,1835,8729,2410101403,,,,,
1822,1822,8650,2410350303,,,,,
1822,1822,8676,2410350314,,,,,
1822,1822,8678,2410350315,,,,,
1822,1822,8652,2410350305,,,,,
1822,1822,8653,2410350312,,,,,
1822,1822,8654,2410350311,,,,,
1822,1822,8656,2410350307,,,,,
1822,1822,8657,2410350308,,,,,
1822,1822,8681,2410350313,,,,,
1822,1822,8682,2410350316,,,,,
1824,1824,8669,2410350107,,,,,
1824,1824,8671,2410350108,,,,,
1824,1824,8672,2410350103,,,,,
1824,1824,8673,2410350104,,,,,
1824,1824,8674,2410350105,,,,,
1828,1828,8692,2410300102,,,,,
1828,1828,19880,2410300106,,,,,
1828,1809,19036,2410300103,,,,,
1828,1828,8695,2410300105,,,,,
1828,1828,8696,2410300104,,,,,
1831,1831,8708,2410350211,,,,,
1831,1831,8709,2410350205,,,,,
1831,1831,8710,2410350210,,,,,
1831,1831,8723,2410350212,,,,,
1831,1831,8711,2410350204,,,,,
1831,1831,8726,2410350213,,,,,
1831,1831,8713,2410350207,,,,,
1831,1831,8714,2410350208,,,,,
1834,1834,8677,2410300208,,,,,
1834,1834,8679,2410300209,,,,,
1834,1834,8724,2410300205,,,,,
1834,1834,8725,2410300202,,,,,
5229,5229,8765,2410200102,,,,,
5229,5229,8768,2410200110,,,,,
5229,5229,8771,2410200107,,,,,
1868,1868,8778,2410200603,,,,,
1868,1868,8782,2410200604,,,,,
1870,1870,8787,2410200314,,,,,
1870,1870,8788,2410200304,,,,,
1870,1870,8789,2410200311,,,,,
1870,1870,8790,2410200303,,,,,
1870,1870,8792,2410200305,,,,,
1870,1870,8793,2410200308,,,,,
1870,1870,8794,2410200309,,,,,
5300,5300,8806,2410201005,,,,,
5300,5300,8767,2410201006,,,,,
5300,5300,8769,2410201007,,,,,
5300,5300,8808,2410201004,,,,,
5300,5300,8809,2410201003,,,,,
5300,5300,8772,2410201012,,,,,
5300,5300,8812,2410201002,,,,,
5300,5300,8773,2410201008,,,,,
5300,5300,8774,2410201010,,,,,
3030,3030,8795,2410200804,,,,,
3030,3030,19884,2410200812,,,,,
3030,3030,8796,2410200806,,,,,
3030,3030,8802,2410200809,,,,,
3030,3030,8803,2410200810,,,,,
3030,3030,8797,2410200802,,,,,
3030,3030,8786,2410200808,,,,,
3030,3030,8805,2410200811,,,,,
3030,3030,8799,2410200807,,,,,
3030,3030,8800,2410200803,,,,,
3030,3030,8801,2410200805,,,,,
3429,3429,16619,5470400108,,,,,
3429,3429,16620,5470400107,,,,,
3431,3431,16628,5470400203,,,,,
3431,3431,16630,5470400206,,,,,
3431,3431,16631,5470400204,,,,,
3431,3431,16632,5470400202,,,,,
3431,3431,16633,5470400205,,,,,
3432,3432,16635,5470400304,,,,,
3432,3432,16636,5470400303,,,,,
3432,3432,16638,5470400305,,,,,
3432,3432,16640,5470400302,,,,,
3433,3433,16641,5470400402,,,,,
3433,3433,16642,5470400403,,,,,
3433,3433,16643,5470400406,,,,,
3433,3433,16645,5470400407,,,,,
3433,3433,16646,5470400404,,,,,
3433,3433,16647,5470400405,,,,,
3434,3434,16634,5470450120,,,,,
3434,3434,16653,5470450108,,,,,
3434,3434,16639,5470450121,,,,,
3434,3440,16692,5470450106,,,,,
3436,3406,16492,5470400502,,,,,
3436,3436,16661,5470400503,,,,,
3436,3436,19513,5470400509,,,,,
3436,3436,16662,5470400504,,,,,
3436,3436,16663,5470400508,,,,,
3436,3362,16221,5470400505,,,,,
5217,5217,16407,5470200703,,,,,
5217,5217,16408,5470200704,,,,,
5217,5217,19575,5470200705,,,,,
5217,5217,16412,5470200702,,,,,
5218,5218,16394,5470200502,,,,,
5218,5218,19576,5470200503,,,,,
3389,3389,16392,5470200411,,,,,
3389,3389,16393,5470200403,,,,,
3389,3389,19577,5470200414,,,,,
3389,3342,16097,5470200404,,,,,
3389,3389,16397,5470200405,,,,,
3389,3389,16398,5470200402,,,,,
3389,3389,19578,5470200413,,,,,
3390,3390,16410,5470200311,,,,,
3390,3390,16402,5470200314,,,,,
3390,3390,16404,5470200313,,,,,
3391,3391,16409,5470250115,,,,,
3391,3383,19592,5470250113,,,,,
3391,3391,16414,5470250104,,,,,
5219,5219,16399,5470200603,,,,,
5219,5219,16401,5470200602,,,,,
3414,3414,16532,5470301103,,,,,
3414,3414,16533,5470301102,,,,,
3414,3414,16535,5470301106,,,,,
3414,3414,16536,5470301105,,,,,
3414,3414,16537,5470301104,,,,,
3415,3415,16539,5470300504,,,,,
3415,3415,16540,5470300505,,,,,
3415,3415,16541,5470300502,,,,,
3415,3415,16542,5470300511,,,,,
3415,3415,16543,5470300506,,,,,
3415,3415,16544,5470300509,,,,,
3415,3415,16545,5470300512,,,,,
3416,3416,16546,5470301403,,,,,
3416,3416,16548,5470301402,,,,,
3416,3416,16549,5470301404,,,,,
3416,3416,16550,5470301405,,,,,
3416,3416,20562,5470301406,,,,,
3417,3417,20563,5470350514,,,,,
3417,3417,16554,5470350504,,,,,
3417,3417,16555,5470350505,,,,,
3417,3417,16558,5470350509,,,,,
3417,3417,16559,5470350513,,,,,
3417,3417,16560,5470350511,,,,,
5220,5220,16551,5470301504,,,,,
5220,5220,16556,5470301503,,,,,
5220,5220,16557,5470301502,,,,,
5220,5220,19583,5470301505,,,,,
3418,3418,16561,5470350209,,,,,
3418,3418,16563,5470350210,,,,,
3418,3418,16564,5470350203,,,,,
3418,3418,16565,5470350211,,,,,
3418,3418,19584,5470350212,,,,,
3419,3419,16566,5470350404,,,,,
3419,3419,16567,5470350407,,,,,
3419,3419,16569,5470350409,,,,,
3419,3419,16570,5470350408,,,,,
3420,3420,16571,5470300902,,,,,
3420,3420,16573,5470300910,,,,,
3420,3420,16574,5470300914,,,,,
3420,3420,16575,5470300915,,,,,
3420,3420,16576,5470300906,,,,,
3420,3420,16577,5470300913,,,,,
3420,3420,16578,5470300909,,,,,
3420,3420,16579,5470300908,,,,,
3421,3421,16580,5470350607,,,,,
3421,3421,16581,5470350606,,,,,
3421,3421,16582,5470350609,,,,,
3421,3421,16583,5470350603,,,,,
3421,3421,16584,5470350602,,,,,
3421,3421,19586,5470350613,,,,,
3421,3421,20805,5470350611,,,,,
3421,3421,16586,5470350610,,,,,
3421,3421,19587,5470350612,,,,,
3421,3421,16587,5470350605,,,,,
3421,3421,16588,5470350604,,,,,
3422,3422,16589,5470301304,,,,,
3422,3422,16590,5470301305,,,,,
3422,3422,16591,5470301302,,,,,
3422,3422,16593,5470301303,,,,,
3423,3423,16594,5470300609,,,,,
3423,3423,16595,5470300611,,,,,
3423,3423,16596,5470300604,,,,,
3425,3425,16599,5470301202,,,,,
3425,3425,16600,5470301203,,,,,
3425,3425,16601,5470301204,,,,,
3426,3426,16603,5470300402,,,,,
3426,3426,16604,5470300403,,,,,
3426,3426,20561,5470300409,,,,,
3426,3426,16605,5470300408,,,,,
3426,3426,16607,5470300404,,,,,
3426,3426,16608,5470300405,,,,,
3426,3426,16609,5470300406,,,,,
3427,3427,16610,5470300802,,,,,
3427,3427,19585,5470300809,,,,,
3427,3427,16611,5470300803,,,,,
3427,3427,16612,5470300805,,,,,
3428,3428,16615,5470101103,,,,,
3428,Intali,16447,5470101104,,,,,
3428,3428,19514,5470101105,,,,,
3428,3428,16617,5470101102,,,,,
3430,3430,16622,5470150502,,,,,
3430,3430,16648,5470150517,,,,,
3430,3430,19080,5470150521,,,,,
3430,3430,19078,5470150523,,,,,
3430,3430,16626,5470150506,,,,,
3430,3430,16651,5470150518,,,,,
3430,3430,16652,5470150519,,,,,
3430,3430,16656,5470150522,,,,,
5110,5110,19071,5470101603,,,,,
5110,5110,19069,5470101604,,,,,
5110,5110,19070,5470101602,,,,,
3435,3435,16657,5470101502,,,,,
3435,3435,16658,5470101503,,,,,
3435,3435,19516,5470101504,,,,,
3437,3437,16667,5470150402,,,,,
3437,3437,16668,5470150408,,,,,
3437,3356,19566,5470150407,,,,,
3438,3438,16674,5470101002,,,,,
3438,3438,16675,5470101007,,,,,
3438,3438,16649,5470101010,,,,,
3438,3438,16676,5470101006,,,,,
3438,3438,16677,5470101005,,,,,
3438,3438,16678,5470101004,,,,,
3438,3438,16654,5470101011,,,,,
3438,3438,16621,5470101009,,,,,
3439,3439,16680,5470150213,,,,,
3439,3439,16693,5470150211,,,,,
3439,3439,16681,5470150205,,,,,
3439,3439,16694,5470150212,,,,,
3439,3439,16682,5470150207,,,,,
3439,3439,16684,5470150209,,,,,
3439,3439,16685,5470150210,,,,,
3440,3440,16686,5470150314,,,,,
3440,3440,16687,5470150313,,,,,
3440,3440,16688,5470150307,,,,,
3440,5205,16049,5470150308,,,,,
3440,3440,16690,5470150309,,,,,
3440,3440,16692,5470150311,,,,,
3441,3441,19517,5470101405,,,,,
3441,3441,16695,5470101404,,,,,
3442,3442,16697,5470101204,,,,,
3442,3442,16698,5470101202,,,,,
3442,3347,16124,5470101207,,,,,
3442,3442,16699,5470101205,,,,,
622,622,3177,7480200108,,,,,
622,622,3179,7480200109,,,,,
622,622,3180,7480200106,,,,,
622,622,3181,7480200107,,,,,
622,622,3182,7480200102,,,,,
622,622,3183,7480200110,,,,,
622,622,3184,7480200103,,,,,
622,622,3185,7480200104,,,,,
622,622,3186,7480200105,,,,,
5396,5396,3198,7480200606,,,,,
5396,5396,3199,7480200607,,,,,
5396,5396,3200,7480200605,,,,,
5396,5396,3204,7480200604,,,,,
5396,5396,3194,7480200602,,,,,
5396,5396,3206,7480200603,,,,,
5396,5396,20215,7480200608,,,,,
624,624,3188,7480250304,,,,,
624,624,3190,7480250305,,,,,
624,624,3192,7480250302,,,,,
624,624,3193,7480250303,,,,,
624,624,3195,7480250306,,,,,
624,624,3196,7480250307,,,,,
625,625,3201,7480200204,,,,,
625,625,3203,7480200202,,,,,
625,625,3207,7480200203,,,,,
626,626,3208,7480200402,,,,,
626,626,3209,7480200403,,,,,
626,626,3210,7480200404,,,,,
627,627,3212,7480250202,,,,,
627,627,3214,7480250203,,,,,
628,628,3215,7480250404,,,,,
628,628,3216,7480250402,,,,,
628,628,20216,7480250405,,,,,
628,628,20217,7480250408,,,,,
628,628,3191,7480250406,,,,,
628,628,3197,7480250407,,,,,
628,628,3218,7480250403,,,,,
630,630,3223,7480300509,,,,,
630,630,3225,7480300506,,,,,
630,630,20220,7480300514,,,,,
630,630,3226,7480300513,,,,,
630,630,20221,7480300515,,,,,
630,630,3227,7480300502,,,,,
630,630,3228,7480300508,,,,,
631,631,3229,7480301205,,,,,
631,631,3230,7480301203,,,,,
631,631,3232,7480301206,,,,,
631,631,3233,7480301204,,,,,
632,632,3235,7480301008,,,,,
632,632,3236,7480301006,,,,,
632,632,3237,7480301007,,,,,
633,633,20223,7480350214,,,,,
633,633,3239,7480350207,,,,,
633,633,20224,7480350215,,,,,
633,633,20225,7480350213,,,,,
633,633,3243,7480350202,,,,,
633,633,3244,7480350203,,,,,
633,633,3246,7480350205,,,,,
633,633,3247,7480350212,,,,,
635,635,3249,7480301304,,,,,
635,635,3250,7480301303,,,,,
635,635,3252,7480301305,,,,,
635,635,3253,7480301302,,,,,
636,636,3255,7480300803,,,,,
636,636,3256,7480300807,,,,,
636,636,3257,7480300808,,,,,
5109,5109,3272,7480101402,,,,,
638,638,3270,7480100406,,,,,
638,638,3271,7480100402,,,,,
638,638,3273,7480100405,,,,,
639,639,3275,7480150404,,,,,
639,639,3276,7480150403,,,,,
640,640,3279,7480100504,,,,,
640,640,3280,7480100510,,,,,
640,640,3281,7480100503,,,,,
640,640,3282,7480100502,,,,,
640,640,3283,7480100506,,,,,
640,640,3284,7480100505,,,,,
641,641,20229,7480100905,,,,,
641,641,3285,7480100904,,,,,
641,641,3287,7480100902,,,,,
641,641,3288,7480100903,,,,,
642,642,3289,7480100103,,,,,
642,642,3291,7480100102,,,,,
642,642,3292,7480100104,,,,,
643,643,3294,7480100303,,,,,
643,643,3295,7480100304,,,,,
643,643,3296,7480100305,,,,,
643,643,3297,7480100302,,,,,
644,644,3298,7480150309,,,,,
644,644,3299,7480150310,,,,,
644,644,3300,7480150307,,,,,
644,644,3302,7480150305,,,,,
644,644,3303,7480150302,,,,,
644,644,3304,7480150304,,,,,
644,644,3305,7480150308,,,,,
644,644,3306,7480150306,,,,,
644,644,3307,7480150303,,,,,
645,645,3308,7480100804,,,,,
645,645,3309,7480100803,,,,,
645,645,3310,7480100802,,,,,
645,645,3311,7480100805,,,,,
645,645,3312,7480100807,,,,,
646,646,3313,7480100204,,,,,
646,646,3314,7480100206,,,,,
646,646,3315,7480100202,,,,,
646,646,3317,7480100205,,,,,
646,646,3318,7480100203,,,,,
647,647,3320,7480150204,,,,,
647,647,3321,7480150202,,,,,
648,648,3322,7480100702,,,,,
648,648,20230,7480100707,,,,,
648,648,3323,7480100705,,,,,
648,648,3324,7480100703,,,,,
648,648,3326,7480100704,,,,,
648,648,20231,7480100708,,,,,
648,648,3327,7480100706,,,,,
1334,1334,3328,7480101307,,,,,
1334,1334,3329,7480101304,,,,,
1334,1334,3330,7480101306,,,,,
1334,1334,3331,7480101302,,,,,
1334,1334,3332,7480101308,,,,,
1334,1334,3333,7480101303,,,,,
1334,1334,3334,7480101305,,,,,
656,656,3384,7480500406,,,,,
656,656,3385,7480500402,,,,,
656,656,3386,7480500403,,,,,
656,656,3387,7480500405,,,,,
656,656,3388,7480500404,,,,,
5127,5127,3426,7480501103,,,,,
5127,5127,20232,7480501106,,,,,
5127,5127,3428,7480501102,,,,,
5127,5127,3430,7480501104,,,,,
5127,5127,3432,7480501105,,,,,
658,658,3396,7480550605,,,,,
658,658,20234,7480550607,,,,,
658,658,3397,7480550604,,,,,
658,658,20235,7480550608,,,,,
658,658,3398,7480550602,,,,,
658,658,20236,7480550609,,,,,
658,658,3400,7480550606,,,,,
660,660,3404,7480500106,,,,,
660,660,3405,7480500109,,,,,
660,660,3406,7480500103,,,,,
660,660,3408,7480500104,,,,,
660,660,3409,7480500108,,,,,
660,660,3410,7480500102,,,,,
661,661,20237,7480500213,,,,,
661,661,3412,7480500210,,,,,
661,661,3414,7480500204,,,,,
661,661,3399,7480500212,,,,,
5400,5400,3411,7480501204,,,,,
5400,5400,3413,7480501203,,,,,
5400,5400,3417,7480501205,,,,,
5400,5400,3418,7480501202,,,,,
665,665,20239,7480550314,,,,,
665,659,3401,7480550316,,,,,
665,665,3427,7480550306,,,,,
665,665,3429,7480550302,,,,,
665,657,3394,7480550315,,,,,
666,666,3433,7480500304,,,,,
666,666,3434,7480500306,,,,,
666,666,3435,7480500303,,,,,
666,666,3436,7480500305,,,,,
666,666,20662,7480500308,,,,,
666,666,3438,7480500302,,,,,
629,629,3220,7480400103,,,,,
629,629,20218,7480400105,,,,,
629,629,3221,7480400102,,,,,
629,629,20219,7480400106,,,,,
629,629,3222,7480400104,,,,,
5397,5397,3259,7480400304,,,,,
5397,5397,3260,7480400303,,,,,
5397,5397,3261,7480400302,,,,,
5397,5397,20222,7480400305,,,,,
657,657,20233,7480450208,,,,,
657,657,3390,7480450204,,,,,
657,657,3391,7480450202,,,,,
657,657,3392,7480450205,,,,,
657,657,3393,7480450203,,,,,
659,659,3403,7480400604,,,,,
663,663,3420,7480450104,,,,,
663,663,3421,7480450103,,,,,
663,663,20238,7480450105,,,,,
663,663,3422,7480450102,,,,,
664,664,3424,7480400502,,,,,
5108,5108,3238,7480400203,,,,,
5108,5108,3240,7480400202,,,,,
5108,5108,20226,7480400206,,,,,
5108,5108,3242,7480400204,,,,,
637,637,3258,7480400405,,,,,
637,637,3263,7480400410,,,,,
637,637,20227,7480400411,,,,,
637,637,3264,7480400408,,,,,
637,637,3265,7480400406,,,,,
637,637,3267,7480400409,,,,,
637,637,20228,7480400412,,,,,
3072,3072,19908,2440150612,,,,,
5201,5201,15069,2440100110,,,,,
2222,2222,10640,2440301209,,,,,
3084,3084,15079,2440600603,,,,,
3121,3121,15232,2440201204,,,,,
2140,2140,10243,2440401503,,,,,
3124,3124,15249,2440200113,,,,,
3117,3117,15233,2440601211,,,,,
2147,3042,14841,2440401209,,,,,
2213,2213,19247,2440300508,,,,,
3117,3117,15208,2440601208,,,,,
2213,2213,10588,2440300509,,,,,
2148,2148,10276,2440400903,,,,,
3123,3123,15244,2440250507,,,,,
2222,2222,10641,2440301204,,,,,
2139,2139,10239,2440450207,,,,,
2216,2216,10608,2440300102,,,,,
2140,2140,19220,2440401507,,,,,
2149,2149,10240,2440400722,,,,,
3079,3079,15052,2440550215,,,,,
2227,2227,10671,2440300609,,,,,
3073,3073,15014,2440150202,,,,,
3077,3077,15039,2440102203,,,,,
2156,2156,10319,2440400305,,,,,
2218,2218,10618,2440350402,,,,,
2214,2214,19396,2440300810,,,,,
2143,2143,10257,2440400105,,,,,
5256,5256,10601,2440302005,,,,,
2218,2157,10322,2440350410,,,,,
3078,3078,14965,2440102106,,,,,
5256,5256,10602,2440302002,,,,,
5256,5256,10603,2440302004,,,,,
3078,3078,14966,2440102105,,,,,
3069,3069,14993,2440500303,,,,,
2152,2152,10300,2440400602,,,,,
2213,2213,10589,2440300510,,,,,
5305,5305,19191,2440102304,,,,,
3123,3123,15245,2440250506,,,,,
3067,3036,14811,2440600111,,,,,
2140,2140,10244,2440401502,,,,,
3067,3067,14980,2440600109,,,,,
3023,3023,14735,2440601112,,,,,
3068,3068,14986,2440500209,,,,,
2227,2227,10672,2440300611,,,,,
2139,2139,10241,2440450203,,,,,
5136,5136,10272,2440402004,,,,,
3074,3074,15021,2440500503,,,,,
2521,2521,10649,2440300212,,,,,
3070,3070,14998,2440600203,,,,,
3023,3023,14739,2440601105,,,,,
2149,2149,10282,2440400715,,,,,
3080,3080,15058,2440600404,,,,,
2214,2214,10592,2440300809,,,,,
5133,5133,10642,2440301804,,,,,
2220,2220,10631,2440301604,,,,,
5305,5305,15006,2440102303,,,,,
2140,2140,19233,2440401504,,,,,
3074,3074,15022,2440500513,,,,,
3078,3078,14968,2440102103,,,,,
2227,2227,10673,2440300602,,,,,
2150,2150,10289,2440401403,,,,,
2141,2141,10247,2440401703,,,,,
3082,3082,15065,2440600504,,,,,
2139,2139,19676,2440450210,,,,,
2154,2154,10309,2440401803,,,,,
3081,3081,15083,2440500605,,,,,
3077,3077,15029,2440102216,,,,,
2214,2214,10594,2440300803,,,,,
3073,3073,15015,2440150205,,,,,
3123,3123,15246,2440250503,,,,,
3119,3119,15217,2440200603,,,,,
2138,2138,10235,2440400503,,,,,
3023,5279,15195,2440601109,,,,,
2220,2220,10632,2440301603,,,,,
3071,3071,15001,2440500410,,,,,
3074,3074,15023,2440500504,,,,,
5459,2184,10304,2440402104,,,,,
2141,2141,10249,2440401705,,,,,
2226,2226,10667,2440301403,,,,,
3122,3122,15259,2440250418,,,,,
2146,2146,10266,2440401606,,,,,
2217,2217,10614,2440301704,,,,,
3023,3023,14741,2440601110,,,,,
2154,2154,10310,2440401802,,,,,
2151,2151,10295,2440400215,,,,,
3077,3077,19915,2440102214,,,,,
2218,2218,10620,2440350405,,,,,
2214,2214,10595,2440300806,,,,,
2148,2148,10277,2440400908,,,,,
2213,2213,19737,2440300512,,,,,
3068,3068,14988,2440500202,,,,,
3072,3072,15008,2440150603,,,,,
3117,3117,15210,2440601207,,,,,
3116,3116,15201,2440600802,,,,,
3081,3081,15024,2440500606,,,,,
3070,3070,15000,2440600202,,,,,
3125,3125,15254,2440200307,,,,,
2216,2216,10610,2440300103,,,,,
2213,2213,10591,2440300511,,,,,
2226,2226,10668,2440301405,,,,,
5201,5201,14969,2440100114,,,,,
3120,3120,15224,2440600702,,,,,
5306,5306,15070,2440102405,,,,,
2220,3020,14726,2440301602,,,,,
3064,5126,14727,2440101903,,,,,
3122,3122,15238,2440250406,,,,,
2227,2227,10674,2440300604,,,,,
2142,2142,10283,2440401907,,,,,
2219,2219,10628,2440301304,,,,,
3072,3072,15009,2440150609,,,,,
2212,2212,10580,2440350603,,,,,
3119,3119,15218,2440200611,,,,,
2150,2150,10290,2440401410,,,,,
2140,2140,10263,2440401506,,,,,
3023,3023,14737,2440601111,,,,,
3074,3023,14737,2440500508,,,,,
5133,3023,14737,2440301803,,,,,
3078,3078,14970,2440102104,,,,,
3022,3022,15225,2440601006,,,,,
3065,3065,14971,2440100618,,,,,
2214,2214,10596,2440300807,,,,,
5256,5256,19222,2440302003,,,,,
3071,3071,20811,2440500411,,,,,
3118,3118,15202,2440201113,,,,,
2227,2227,10675,2440300610,,,,,
3073,3073,15017,2440150207,,,,,
2155,2155,10313,2440400407,,,,,
3072,3072,15010,2440150611,,,,,
2224,2224,10655,2440300305,,,,,
3120,3120,19371,2440600709,,,,,
2521,2521,10650,2440300202,,,,,
2220,3057,14924,2440301609,,,,,
3122,3122,15260,2440250417,,,,,
2152,2152,10314,2440400606,,,,,
3066,3066,14976,2440150807,,,,,
3119,3119,15219,2440200604,,,,,
3077,3077,15040,2440102207,,,,,
3074,3074,15027,2440500502,,,,,
3026,3026,14758,2440201507,,,,,
2217,2217,10615,2440301705,,,,,
2215,2175,19095,2440301115,,,,,
3077,3077,15031,2440102215,,,,,
3085,3085,15084,2440650105,,,,,
3065,3065,14972,2440100613,,,,,
2149,2149,19242,2440400721,,,,,
2224,2224,10656,2440300310,,,,,
3076,3076,15034,2440600304,,,,,
2212,2212,10581,2440350615,,,,,
2146,2146,10267,2440401605,,,,,
3076,3076,15035,2440600305,,,,,
5133,5133,10644,2440301802,,,,,
3082,3003,14646,2440600503,,,,,
3066,3066,14977,2440150809,,,,,
3081,3081,15062,2440500602,,,,,
2146,2146,10268,2440401608,,,,,
2214,2214,10597,2440300802,,,,,
3076,3076,15036,2440600302,,,,,
3117,3117,15211,2440601210,,,,,
2137,2137,10231,2440450307,,,,,
2521,2521,19275,2440300213,,,,,
2220,2220,20797,2440301610,,,,,
3026,3010,14679,2440201502,,,,,
3119,3010,14679,2440200602,,,,,
3119,3119,15222,2440200609,,,,,
5255,5255,10606,2440302103,,,,,
3069,3069,14995,2440500305,,,,,
5313,5313,14989,2440500104,,,,,
3067,3067,14790,2440600114,,,,,
3069,3069,14996,2440500302,,,,,
2224,2224,10657,2440300311,,,,,
2221,2221,10637,2440301502,,,,,
5306,5306,15071,2440102403,,,,,
2224,2224,10658,2440300304,,,,,
5262,5262,10582,2440301902,,,,,
3072,3072,15011,2440150604,,,,,
3118,3118,15214,2440201103,,,,,
2218,2218,10623,2440350403,,,,,
2143,2143,10259,2440400102,,,,,
2151,3052,14894,2440400213,,,,,
2221,2221,10638,2440301503,,,,,
3084,3084,15080,2440600604,,,,,
2218,2218,10624,2440350404,,,,,
5459,2184,10250,2440402102,,,,,
3023,3023,14743,2440601103,,,,,
2215,2215,10677,2440301114,,,,,
2222,2222,10645,2440301203,,,,,
2222,2222,19253,2440301210,,,,,
5255,5255,10607,2440302102,,,,,
3121,3121,15234,2440201206,,,,,
2155,2155,10315,2440400404,,,,,
3082,2999,14628,2440600502,,,,,
3084,3084,15081,2440600602,,,,,
3079,3084,15081,2440550202,,,,,
2225,3084,15081,2440350504,,,,,
3081,3081,15063,2440500603,,,,,
3075,3075,15032,2440550105,,,,,
3124,3124,15250,2440200108,,,,,
2137,2137,10284,2440450318,,,,,
3065,3065,15072,2440100620,,,,,
2220,2220,10634,2440301605,,,,,
2142,2142,10254,2440401905,,,,,
3118,3118,15203,2440201110,,,,,
2139,2139,10285,2440450209,,,,,
2139,2149,19243,2440450211,,,,,
3076,3076,15037,2440600303,,,,,
2141,2141,19256,2440401707,,,,,
3077,3077,15041,2440102202,,,,,
3067,3067,14982,2440600105,,,,,
3077,3077,15042,2440102209,,,,,
2148,2148,10278,2440400909,,,,,
3085,3085,15085,2440650103,,,,,
2142,2142,10255,2440401906,,,,,
5305,5305,15012,2440102302,,,,,
2214,2214,10598,2440300804,,,,,
2226,2226,10669,2440301402,,,,,
5305,5305,15043,2440102305,,,,,
3065,3065,15074,2440100621,,,,,
2137,2137,10232,2440450309,,,,,
5305,5305,15044,2440102306,,,,,
3022,3022,15227,2440601008,,,,,
3120,3120,15228,2440600703,,,,,
2138,2138,10236,2440400506,,,,,
2146,2146,10270,2440401604,,,,,
2146,2146,10306,2440401609,,,,,
3077,3077,15046,2440102206,,,,,
3077,3077,15047,2440102204,,,,,
2521,2521,10652,2440300203,,,,,
3069,3069,19921,2440500306,,,,,
2216,2216,19416,2440300107,,,,,
2147,2147,10274,2440401205,,,,,
3022,3022,15229,2440601007,,,,,
3079,2993,14549,2440550216,,,,,
3085,3085,15086,2440650104,,,,,
2148,2148,19258,2440400912,,,,,
2149,2149,10286,2440400717,,,,,
3069,3069,14997,2440500304,,,,,
2217,2217,10616,2440301703,,,,,
2521,2521,10653,2440300208,,,,,
3119,3119,15223,2440200608,,,,,
5136,5136,10275,2440402005,,,,,
2220,3094,15116,2440301606,,,,,
3118,3118,15215,2440201102,,,,,
2214,2214,10599,2440300805,,,,,
2147,2147,10301,2440401207,,,,,
2212,2212,10583,2440350605,,,,,
2221,2221,10639,2440301504,,,,,
2140,2140,10246,2440401505,,,,,
2151,2151,10311,2440400216,,,,,
5459,2184,10260,2440402103,,,,,
5306,5306,15048,2440102402,,,,,
3071,3071,15003,2440500407,,,,,
3022,3022,14738,2440601003,,,,,
3073,3073,15018,2440150204,,,,,
2212,2212,10584,2440350604,,,,,
3077,3077,15049,2440102208,,,,,
3125,3125,15252,2440200319,,,,,
5241,5241,10291,2440402203,,,,,
3123,3123,15256,2440250508,,,,,
5306,5306,15075,2440102404,,,,,
2152,2152,10302,2440400605,,,,,
3071,3071,15004,2440500402,,,,,
5201,5201,14973,2440100113,,,,,
3072,3072,15013,2440150605,,,,,
2219,2219,10629,2440301302,,,,,
2219,2219,10630,2440301303,,,,,
2142,2142,10256,2440401904,,,,,
3121,3121,19928,2440201207,,,,,
3079,3079,15055,2440550203,,,,,
2224,2224,10660,2440300303,,,,,
2224,2224,10661,2440300302,,,,,
3022,3022,15230,2440601010,,,,,
2216,2216,10611,2440300104,,,,,
3121,3121,15236,2440201203,,,,,
3080,3080,15059,2440600403,,,,,
3118,3118,15216,2440201104,,,,,
2225,2225,10666,2440350505,,,,,
2218,2218,10625,2440350407,,,,,
2148,3467,10203,2440400906,,,,,
3123,3123,15257,2440250510,,,,,
5306,5306,15076,2440102406,,,,,
2217,2118,10152,2440301702,,,,,
2222,2222,10647,2440301202,,,,,
5201,5201,14974,2440100115,,,,,
2141,2141,10251,2440401704,,,,,
3071,5273,14534,2440500409,,,,,
3117,3117,15212,2440601209,,,,,
2148,2148,10281,2440400907,,,,,
5262,5262,19261,2440301903,,,,,
2222,2139,10648,2440301205,,,,,
2227,2993,14553,2440300613,,,,,
3032,3032,14791,2440250606,,,,,
3079,3079,15057,2440550209,,,,,
3074,3074,15028,2440500506,,,,,
5201,5201,15077,2440100103,,,,,
2151,2151,10298,2440400205,,,,,
5313,5313,14990,2440500105,,,,,
3125,3125,15253,2440200318,,,,,
2153,2153,10307,2440401013,,,,,
2146,2146,10271,2440401603,,,,,
2150,2150,10292,2440401408,,,,,
3077,3077,15050,2440102205,,,,,
3067,3067,14792,2440600113,,,,,
3067,3067,14983,2440600110,,,,,
2212,2183,10431,2440350602,,,,,
3067,3067,14984,2440600106,,,,,
5313,5313,14991,2440500103,,,,,
2148,2148,19192,2440400913,,,,,
3080,3080,15061,2440600402,,,,,
2137,2137,10233,2440450313,,,,,
3022,3022,15231,2440601009,,,,,
2149,2149,19244,2440400720,,,,,
3026,3026,14761,2440201506,,,,,
3122,3122,15264,2440250416,,,,,
5313,5313,14992,2440500102,,,,,
3073,3073,15019,2440150206,,,,,
2212,2212,10586,2440350606,,,,,
2145,2145,10265,2440401302,,,,,
2140,3039,14829,2440401508,,,,,
3075,3039,14829,2440550102,,,,,
3116,3116,15204,2440600803,,,,,
3118,3118,15205,2440201111,,,,,
2216,2216,10612,2440300106,,,,,
2138,2138,10237,2440400504,,,,,
3123,3123,15248,2440250505,,,,,
5241,5241,10294,2440402202,,,,,
3026,3026,14762,2440201503,,,,,
5133,5133,19175,2440301805,,,,,
2220,3000,14643,2440301607,,,,,
2521,2521,10654,2440300211,,,,,
5305,5305,19914,2440102307,,,,,
3118,3118,15206,2440201112,,,,,
2149,2149,10288,2440400704,,,,,
2139,2139,10242,2440450205,,,,,
3066,3066,14978,2440150805,,,,,
2155,2155,10316,2440400402,,,,,
2141,2141,19257,2440401706,,,,,
3116,3116,15207,2440600813,,,,,
3073,3073,15020,2440150203,,,,,
2218,2218,10626,2440350406,,,,,
2529,2529,12070,1380250109,,,,,
2529,2529,12072,1380250110,,,,,
2529,2529,12073,1380250104,,,,,
2529,2529,19488,1380250111,,,,,
2529,2529,12074,1380250112,,,,,
2529,2529,12075,1380250103,,,,,
5117,5117,12065,1380202604,,,,,
5117,5117,12068,1380202603,,,,,
5117,5117,12141,1380202608,,,,,
5117,5117,19452,1380202605,,,,,
5117,5117,12143,1380202607,,,,,
5117,5117,12144,1380202606,,,,,
5117,5117,12069,1380202602,,,,,
2532,2532,12147,1380200720,,,,,
2532,2532,19453,1380200721,,,,,
2532,2532,12086,1380200710,,,,,
2532,2532,12149,1380200719,,,,,
2532,2532,12150,1380200718,,,,,
2536,2536,19456,1380200910,,,,,
2536,2536,12103,1380200903,,,,,
2536,2536,19455,1380200912,,,,,
2536,2536,12163,1380200911,,,,,
2536,2536,12105,1380200902,,,,,
2536,2536,12106,1380200908,,,,,
2536,2536,12107,1380200905,,,,,
2536,2536,20183,1380200909,,,,,
2538,2538,12114,1380250810,,,,,
2538,2538,12116,1380250802,,,,,
2538,2538,12119,1380250805,,,,,
2538,2538,12122,1380250806,,,,,
2539,2539,12123,1380200402,,,,,
2539,2539,12124,1380200411,,,,,
2539,2539,12125,1380200404,,,,,
2539,2539,12140,1380200413,,,,,
2539,2539,12115,1380200412,,,,,
2539,2539,12126,1380200405,,,,,
2539,2539,12158,1380200414,,,,,
2539,2539,12128,1380200403,,,,,
2541,2541,12134,1380250502,,,,,
2541,2541,12135,1380250506,,,,,
2541,2541,12136,1380250503,,,,,
2541,2541,12137,1380250505,,,,,
2541,2541,12139,1380250504,,,,,
2543,2543,12145,1380202305,,,,,
2543,2543,12146,1380202309,,,,,
2545,2545,12159,1380201902,,,,,
2545,2545,12087,1380201911,,,,,
5140,5140,12117,1380202405,,,,,
5140,5140,12120,1380202404,,,,,
2546,2546,12161,1380250403,,,,,
2546,2546,12162,1380250406,,,,,
5141,5141,12082,1380202504,,,,,
5141,5141,12084,1380202506,,,,,
5141,5141,12172,1380202502,,,,,
5141,5141,12085,1380202505,,,,,
5141,5141,19454,1380202503,,,,,
2548,2548,12170,1380200803,,,,,
2548,2548,12156,1380200808,,,,,
2548,2548,12157,1380200809,,,,,
2548,2548,12171,1380200802,,,,,
2548,2548,20185,1380200810,,,,,
2577,2577,12365,1380702906,,,,,
2577,2577,12366,1380702905,,,,,
2579,2579,12372,1380703503,,,,,
2579,2579,12376,1380703502,,,,,
2580,2580,12377,1380702807,,,,,
2580,2580,12379,1380702802,,,,,
2580,2580,12380,1380702804,,,,,
2580,2580,12381,1380702803,,,,,
2580,2580,12382,1380702805,,,,,
2580,2580,12383,1380702806,,,,,
2583,2583,12388,1380750510,,,,,
2583,2583,12389,1380750511,,,,,
2583,2583,12390,1380750507,,,,,
2583,2583,12391,1380750512,,,,,
2585,2585,20199,1380702708,,,,,
2585,2585,12401,1380702702,,,,,
2585,2585,12402,1380702706,,,,,
2585,2585,12403,1380702705,,,,,
2587,2587,12446,1380702419,,,,,
2587,2587,12449,1380702421,,,,,
2587,2587,12451,1380702418,,,,,
2587,2587,12454,1380702420,,,,,
2587,2587,12418,1380702405,,,,,
2587,2587,12420,1380702406,,,,,
2587,2587,12421,1380702415,,,,,
2587,2587,12422,1380702407,,,,,
2588,2588,12404,1380750415,,,,,
2588,2588,12463,1380750413,,,,,
2588,2588,12423,1380750402,,,,,
2588,2588,12410,1380750416,,,,,
2588,2588,12424,1380750403,,,,,
2588,2588,12426,1380750412,,,,,
2588,2588,12467,1380750414,,,,,
2589,2589,12428,1380702309,,,,,
2589,2589,12429,1380702303,,,,,
2596,2596,12461,1380702510,,,,,
2596,2596,12462,1380702503,,,,,
2596,2596,12415,1380702524,,,,,
2596,2596,12464,1380702511,,,,,
2596,2596,12465,1380702508,,,,,
2596,2596,12452,1380702522,,,,,
2596,2596,12453,1380702520,,,,,
2596,2596,12419,1380702523,,,,,
2596,2596,12468,1380702505,,,,,
2596,2596,12469,1380702502,,,,,
2596,2596,12455,1380702525,,,,,
5385,5385,12412,1380703706,,,,,
5385,5385,12413,1380703707,,,,,
5385,5385,12414,1380703705,,,,,
5385,5385,12373,1380703703,,,,,
5385,5385,12375,1380703704,,,,,
5385,5385,12417,1380703702,,,,,
2598,2598,12477,1380703002,,,,,
2598,2598,12478,1380703010,,,,,
2598,2598,12479,1380703011,,,,,
2598,2598,12480,1380703004,,,,,
2598,2598,12481,1380703003,,,,,
2598,2598,12482,1380703013,,,,,
2598,2598,12483,1380703006,,,,,
2598,2598,12484,1380703012,,,,,
2598,2598,12485,1380703005,,,,,
2600,2600,12489,1380100416,,,,,
2600,2600,12490,1380100412,,,,,
2600,2600,12491,1380100402,,,,,
2600,2600,12492,1380100417,,,,,
2600,2600,12493,1380100415,,,,,
2601,2601,12494,1380100202,,,,,
2601,2601,12496,1380100209,,,,,
2601,2601,12497,1380100214,,,,,
2601,2601,12498,1380100205,,,,,
2601,2601,12499,1380100215,,,,,
2601,2601,12500,1380100211,,,,,
2601,2601,12501,1380100206,,,,,
2601,2601,12502,1380100210,,,,,
2601,2601,20200,1380100216,,,,,
2602,2602,12504,1380150302,,,,,
2602,2602,12505,1380150305,,,,,
2602,2602,12506,1380150307,,,,,
2602,2602,12507,1380150309,,,,,
2602,2602,12508,1380150303,,,,,
2602,2602,12509,1380150308,,,,,
2602,2602,12510,1380150304,,,,,
2602,2602,12511,1380150306,,,,,
2604,2604,12513,1380100107,,,,,
2604,2604,12514,1380100103,,,,,
2604,2604,12516,1380100104,,,,,
2604,2604,12517,1380100105,,,,,
2605,2605,12518,1380100311,,,,,
2605,2605,12519,1380100307,,,,,
2605,2605,12520,1380100312,,,,,
2605,2605,12521,1380100302,,,,,
2605,2605,12522,1380100309,,,,,
2605,2605,12523,1380100305,,,,,
2605,2605,12524,1380100313,,,,,
2605,2605,12526,1380100310,,,,,
2605,2605,12527,1380100306,,,,,
2606,2606,12528,1380150215,,,,,
2606,2606,12529,1380150205,,,,,
2606,2606,12530,1380150207,,,,,
2606,2606,12531,1380150214,,,,,
2606,2606,12532,1380150209,,,,,
2606,2606,12533,1380150208,,,,,
2606,2606,12535,1380150206,,,,,
2606,2606,12536,1380150211,,,,,
2607,2607,12537,1380150116,,,,,
2607,2607,12538,1380150115,,,,,
2607,2607,12540,1380150114,,,,,
2608,2608,12541,1380100704,,,,,
2608,2608,12542,1380100702,,,,,
2608,2608,12543,1380100706,,,,,
2608,2608,12545,1380100703,,,,,
2608,2608,12546,1380100705,,,,,
2609,2609,12547,1380100807,,,,,
2609,2609,12548,1380100803,,,,,
2609,2609,12549,1380100808,,,,,
2609,2609,12550,1380100805,,,,,
2609,2609,12551,1380100804,,,,,
2609,5382,12295,1380100802,,,,,
2609,2609,12554,1380100806,,,,,
2610,2610,12555,1380100902,,,,,
2610,2610,12556,1380100906,,,,,
2610,2610,12557,1380100907,,,,,
2610,2610,12558,1380100903,,,,,
2610,2610,12559,1380100904,,,,,
2610,2610,12560,1380100908,,,,,
2610,2610,12562,1380100905,,,,,
2614,2614,12567,1380300510,,,,,
2614,2614,12568,1380300506,,,,,
2614,2614,12569,1380300502,,,,,
2614,2614,12570,1380300509,,,,,
2614,2614,12571,1380300503,,,,,
2614,2614,12572,1380300507,,,,,
2614,2614,12573,1380300508,,,,,
5387,5387,12589,1380301802,,,,,
5387,5387,12608,1380301803,,,,,
5387,5387,12610,1380301804,,,,,
2615,2615,12575,1380300602,,,,,
2615,2615,12576,1380300604,,,,,
2615,2615,12577,1380300609,,,,,
2617,2617,12579,1380350404,,,,,
2617,2617,12580,1380350405,,,,,
2617,2617,12582,1380350408,,,,,
2617,2617,12583,1380350409,,,,,
2618,2618,12585,1380301702,,,,,
2618,2618,12586,1380301703,,,,,
2620,2620,12619,1380301208,,,,,
2621,2621,12590,1380350303,,,,,
2621,2621,12591,1380350304,,,,,
2621,2621,12592,1380350306,,,,,
2621,2621,12593,1380350307,,,,,
2621,2621,12594,1380350302,,,,,
2621,2621,12595,1380350311,,,,,
2621,2621,20202,1380350314,,,,,
2621,2621,20201,1380350315,,,,,
2621,2621,12597,1380350309,,,,,
2621,2621,12598,1380350308,,,,,
2621,2621,12599,1380350305,,,,,
2621,2621,12600,1380350312,,,,,
2622,2622,12602,1380300902,,,,,
2623,2623,12603,1380300202,,,,,
2623,2623,12605,1380300207,,,,,
2623,2623,12607,1380300203,,,,,
2623,2623,12609,1380300204,,,,,
2623,2623,12611,1380300205,,,,,
2624,2624,12612,1380301403,,,,,
2624,2635,12669,1380301408,,,,,
2624,2624,12613,1380301404,,,,,
2624,2624,12615,1380301406,,,,,
2624,2624,12616,1380301402,,,,,
2625,2625,12618,1380301102,,,,,
2625,2625,12629,1380301103,,,,,
2625,2575,12355,1380301104,,,,,
2626,2626,19205,1380300417,,,,,
2626,2626,12620,1380300402,,,,,
2626,2626,12622,1380300407,,,,,
2626,2626,12623,1380300406,,,,,
2626,2626,12624,1380300409,,,,,
2626,2626,12625,1380300403,,,,,
2627,2627,12626,1380301003,,,,,
2627,2627,12627,1380301004,,,,,
2628,2628,12631,1380301302,,,,,
2629,2629,12633,1380300705,,,,,
2629,2629,19133,1380300713,,,,,
2629,2629,12634,1380300707,,,,,
2629,2629,12635,1380300704,,,,,
2629,2629,12636,1380300703,,,,,
2629,2629,12637,1380300710,,,,,
2629,2629,12638,1380300709,,,,,
2629,2629,12639,1380300711,,,,,
2629,2629,12640,1380300712,,,,,
2629,2629,12642,1380300702,,,,,
2526,2526,12054,1380500103,,,,,
2526,2526,12056,1380500105,,,,,
2526,2526,12057,1380500110,,,,,
2526,2526,12058,1380500102,,,,,
2526,2526,12059,1380500109,,,,,
2527,2527,12061,1380500202,,,,,
2527,2527,12062,1380500214,,,,,
2527,2527,12063,1380500212,,,,,
2528,2528,12108,1380500309,,,,,
2528,2528,12066,1380500302,,,,,
2528,2528,12110,1380500308,,,,,
2530,2530,12165,1380500414,,,,,
2530,2530,12078,1380500413,,,,,
2530,2530,12079,1380500409,,,,,
2530,2530,12080,1380500412,,,,,
2533,2533,12088,1380550510,,,,,
2533,2533,12089,1380550507,,,,,
2533,2533,12090,1380550506,,,,,
2533,2533,12091,1380550502,,,,,
2533,2533,12093,1380550503,,,,,
2533,2533,12095,1380550509,,,,,
2533,2533,12096,1380550508,,,,,
2535,2535,12098,1380500603,,,,,
2535,2535,12099,1380500606,,,,,
2535,2535,12100,1380500602,,,,,
2535,2535,12102,1380500607,,,,,
2537,2537,12109,1380500709,,,,,
2537,2537,12112,1380500710,,,,,
2537,2537,12113,1380500708,,,,,
2540,2540,12129,1380500813,,,,,
2540,2540,12130,1380500807,,,,,
2540,2540,12132,1380500810,,,,,
2540,2540,12133,1380500802,,,,,
2544,2544,12151,1380500903,,,,,
2544,2544,12152,1380500902,,,,,
2544,2544,12153,1380500904,,,,,
2544,2544,12154,1380500905,,,,,
2544,2544,12094,1380500906,,,,,
2547,2547,12076,1380550606,,,,,
2547,2547,12166,1380550604,,,,,
2547,2547,12167,1380550603,,,,,
2547,2547,12168,1380550602,,,,,
2549,2549,12175,1380550109,,,,,
2549,2549,12055,1380550111,,,,,
2549,2549,12176,1380550104,,,,,
2549,2549,12177,1380550110,,,,,
2549,2549,12178,1380550108,,,,,
2549,2549,12179,1380550103,,,,,
2578,2578,12367,1380600108,,,,,
2578,2578,12369,1380600112,,,,,
2578,2578,12370,1380600107,,,,,
2581,2581,20210,1380600207,,,,,
2581,2581,20211,1380600208,,,,,
2581,2581,20212,1380600209,,,,,
2581,2581,20213,1380600210,,,,,
2581,2581,12385,1380600202,,,,,
5394,5394,12433,1380601003,,,,,
5394,2637,12686,1380601002,,,,,
5394,5394,12399,1380601004,,,,,
2584,2584,12392,1380600309,,,,,
2584,2584,12393,1380600310,,,,,
2584,2584,12394,1380600306,,,,,
2584,2584,12398,1380600305,,,,,
2586,2586,12405,1380600411,,,,,
2586,2586,12406,1380600412,,,,,
2586,2586,12407,1380600410,,,,,
2586,2586,12409,1380600409,,,,,
2586,2586,12411,1380600406,,,,,
2590,2590,12430,1380600503,,,,,
2590,2590,12431,1380600502,,,,,
2591,2591,12434,1380600602,,,,,
2591,2591,12435,1380600603,,,,,
2592,2592,12437,1380650113,,,,,
2592,2592,12438,1380650107,,,,,
2592,2592,12439,1380650114,,,,,
2592,2654,12770,1380650110,,,,,
2592,2592,12442,1380650109,,,,,
2592,2592,12443,1380650115,,,,,
2592,2592,12444,1380650111,,,,,
2593,2593,12445,1380600710,,,,,
2593,2593,12447,1380600711,,,,,
2593,2593,12448,1380600708,,,,,
2594,2594,12457,1380650304,,,,,
2594,2594,12458,1380650303,,,,,
2594,2594,12459,1380650302,,,,,
2597,2597,12470,1380600903,,,,,
2597,2597,12471,1380600904,,,,,
2597,2597,12472,1380600905,,,,,
2597,2597,12473,1380600906,,,,,
2597,2684,12939,1380600902,,,,,
2597,2597,12476,1380600907,,,,,
2675,2675,12879,1380450306,,,,,
2675,2675,12885,1380450309,,,,,
2675,2675,12880,1380450308,,,,,
2675,2675,12881,1380450305,,,,,
2675,2675,12882,1380450303,,,,,
2676,2676,12940,1380400418,,,,,
2676,2676,20214,1380400417,,,,,
2676,2676,12886,1380400407,,,,,
2676,2676,12887,1380400404,,,,,
2676,2676,12889,1380400413,,,,,
2676,2676,12890,1380400402,,,,,
2676,2676,12891,1380400403,,,,,
2676,2676,12892,1380400410,,,,,
2676,2676,12893,1380400411,,,,,
2677,2677,12895,1380450209,,,,,
2677,2677,12888,1380450210,,,,,
2677,2677,12915,1380450211,,,,,
2677,2677,12896,1380450206,,,,,
2677,2677,12897,1380450208,,,,,
2677,2677,12898,1380450202,,,,,
2677,2677,12899,1380450207,,,,,
2678,2678,12900,1380400212,,,,,
2678,2678,12901,1380400207,,,,,
2678,2678,12902,1380400208,,,,,
2678,2678,12903,1380400202,,,,,
2678,2678,12904,1380400204,,,,,
2678,2678,12236,1380400211,,,,,
2678,2678,12907,1380400206,,,,,
2678,2678,12908,1380400209,,,,,
2678,2678,12909,1380400205,,,,,
2678,2678,12910,1380400203,,,,,
2678,2678,12911,1380400210,,,,,
2679,2679,12912,1380401005,,,,,
2679,2679,12914,1380401006,,,,,
2679,2679,12916,1380401004,,,,,
2679,2679,12917,1380401003,,,,,
2680,2680,12942,1380401107,,,,,
2680,2680,20660,1380401108,,,,,
2680,2680,12919,1380401104,,,,,
2680,2680,12920,1380401105,,,,,
2680,2680,12921,1380401103,,,,,
2680,2680,12922,1380401102,,,,,
5395,5395,12929,1380401202,,,,,
5395,5395,12930,1380401203,,,,,
2681,2681,12923,1380400303,,,,,
2681,2681,12924,1380400302,,,,,
2681,2681,12926,1380400309,,,,,
2681,2681,12927,1380400308,,,,,
2682,5380,12317,1380400810,,,,,
2682,2682,12883,1380400809,,,,,
2682,2682,12933,1380400811,,,,,
2684,2684,12935,1380400607,,,,,
2684,2684,12936,1380400606,,,,,
2684,2684,12937,1380400610,,,,,
2684,2684,12939,1380400608,,,,,
2685,2685,12941,1380400513,,,,,
2685,2685,12943,1380400506,,,,,
2685,2685,19474,1380400516,,,,,
2685,2685,12944,1380400508,,,,,
2685,2685,12945,1380400511,,,,,
2685,2685,12947,1380400503,,,,,
2685,2685,19832,1380400517,,,,,
2685,2685,12948,1380400504,,,,,
2686,2686,12949,1380400905,,,,,
2686,2686,12950,1380400906,,,,,
2686,2686,12951,1380400903,,,,,
2686,2686,12953,1380400904,,,,,
2686,2686,12954,1380400902,,,,,
2920,2920,14174,7390250109,,,,,
2921,2921,14176,7390250213,,,,,
2921,2921,14177,7390250211,,,,,
2921,2921,14178,7390250202,,,,,
2921,2921,14179,7390250207,,,,,
2922,2922,14181,7390200704,,,,,
2922,2922,19431,7390200706,,,,,
2922,2922,14182,7390200703,,,,,
2922,2922,14183,7390200702,,,,,
2922,2922,14184,7390200705,,,,,
2923,2923,14186,7390200208,,,,,
2923,2923,14187,7390200202,,,,,
2923,2923,14188,7390200205,,,,,
2924,2924,14189,7390200904,,,,,
2924,2924,14190,7390200903,,,,,
2924,2924,19432,7390200906,,,,,
2925,2925,19433,7390200407,,,,,
2925,2925,14192,7390200402,,,,,
2925,2925,14193,7390200403,,,,,
2926,2926,14195,7390200308,,,,,
2926,2926,14196,7390200307,,,,,
2927,2927,14198,7390200805,,,,,
2927,2927,14200,7390200802,,,,,
2927,5182,11669,7390200807,,,,,
2928,2928,14201,7390201104,,,,,
2928,2928,19435,7390201106,,,,,
2928,2928,14202,7390201103,,,,,
2928,2928,14203,7390201102,,,,,
2929,2929,14205,7390201003,,,,,
2929,2929,14206,7390201002,,,,,
2930,2930,14208,7390250305,,,,,
2930,2930,19436,7390250306,,,,,
2930,2930,14209,7390250302,,,,,
2930,2930,14210,7390250303,,,,,
2942,2942,14277,7390100802,,,,,
2942,2942,14278,7390100813,,,,,
2942,2942,14279,7390100809,,,,,
2942,2942,14280,7390100810,,,,,
2942,2942,14281,7390100806,,,,,
2942,2942,14282,7390100803,,,,,
2942,2942,14283,7390100807,,,,,
2942,2942,14284,7390100808,,,,,
2943,2943,14285,7390101003,,,,,
2943,2943,14287,7390101004,,,,,
2943,2943,19327,7390101006,,,,,
2943,2943,14288,7390101005,,,,,
2943,2943,14289,7390101002,,,,,
2945,2945,19339,7390150310,,,,,
2945,2945,14292,7390150304,,,,,
2945,2945,14293,7390150308,,,,,
2945,2945,14294,7390150309,,,,,
2945,2945,14295,7390150306,,,,,
2946,2946,14296,7390100703,,,,,
2947,2947,14298,7390101103,,,,,
2947,2947,14300,7390101102,,,,,
2947,2947,14301,7390101104,,,,,
2948,2948,14302,7390150404,,,,,
2948,2948,14303,7390150408,,,,,
2948,2948,14304,7390150407,,,,,
2948,2948,19440,7390150405,,,,,
2948,2948,14306,7390150409,,,,,
2948,2948,14307,7390150410,,,,,
2949,2949,14308,7390100110,,,,,
2949,2949,14309,7390100109,,,,,
2949,2949,14310,7390100103,,,,,
2949,2949,14311,7390100104,,,,,
2949,2949,14312,7390100108,,,,,
2949,2949,14313,7390100111,,,,,
2949,2949,14315,7390100102,,,,,
2949,2949,19355,7390100107,,,,,
2950,2950,14316,7390150515,,,,,
2950,2950,14317,7390150508,,,,,
2950,2950,14318,7390150511,,,,,
2950,2950,14319,7390150502,,,,,
2950,2950,14320,7390150523,,,,,
2950,2950,14321,7390150514,,,,,
2950,2950,14322,7390150524,,,,,
2950,2950,14323,7390150509,,,,,
2950,2950,14324,7390150513,,,,,
2951,2951,14326,7390100905,,,,,
2951,2951,19442,7390100912,,,,,
2951,2951,14327,7390100909,,,,,
2951,2951,20772,7390100913,,,,,
2951,2951,14328,7390100910,,,,,
2951,2951,14329,7390100908,,,,,
2952,2952,14331,7390150204,,,,,
2952,2952,14332,7390150208,,,,,
2952,2952,14333,7390150206,,,,,
5179,5179,11487,7390400704,,,,,
5179,5179,11488,7390400702,,,,,
5179,5179,11492,7390400705,,,,,
5179,5179,11493,7390400703,,,,,
2388,2388,11455,7390450107,,,,,
2388,2388,20039,7390450112,,,,,
2388,2388,11456,7390450108,,,,,
2388,2388,11457,7390450106,,,,,
2388,2388,11459,7390450111,,,,,
2388,2388,11460,7390450109,,,,,
2388,2388,11461,7390450110,,,,,
2388,2388,11462,7390450104,,,,,
2388,2388,11463,7390450103,,,,,
2388,2388,11464,7390450102,,,,,
2388,2388,11465,7390450105,,,,,
2389,2429,11696,7390400602,,,,,
2389,2389,11468,7390400605,,,,,
2389,2389,11469,7390400603,,,,,
2389,2389,11470,7390400604,,,,,
2390,2390,11471,7390450306,,,,,
2390,2390,11472,7390450308,,,,,
2390,2390,11473,7390450309,,,,,
2390,2390,11475,7390450302,,,,,
2390,2390,11476,7390450307,,,,,
2390,2390,11477,7390450303,,,,,
2391,2391,11478,7390450208,,,,,
2391,2391,11479,7390450203,,,,,
2391,2391,11480,7390450204,,,,,
2391,2391,11481,7390450202,,,,,
2391,2391,11483,7390450205,,,,,
2391,2391,11486,7390450206,,,,,
2392,2392,11489,7390400502,,,,,
2392,2392,11482,7390400510,,,,,
2392,2392,11491,7390400507,,,,,
2392,2392,11484,7390400511,,,,,
2392,2392,11495,7390400509,,,,,
2393,2393,11496,7390400303,,,,,
2393,2393,11497,7390400306,,,,,
2393,2393,11498,7390400302,,,,,
2434,2434,11729,7390350202,,,,,
2434,2434,11730,7390350203,,,,,
2434,2434,11732,7390350205,,,,,
2435,2435,11736,7390300803,,,,,
2435,2435,11738,7390300804,,,,,
2435,2435,11739,7390300805,,,,,
2435,2435,11740,7390300802,,,,,
2436,2436,11741,7390300511,,,,,
2436,2436,11743,7390300506,,,,,
2436,2436,11744,7390300509,,,,,
2436,2436,11745,7390300512,,,,,
2437,2437,11747,7390300410,,,,,
2437,2437,11748,7390300408,,,,,
2437,2437,11752,7390300406,,,,,
5347,5347,11746,7390301203,,,,,
5347,5347,11751,7390301202,,,,,
2438,2438,11753,7390300904,,,,,
2438,2438,11754,7390300903,,,,,
2438,2438,11755,7390300902,,,,,
2438,2438,11757,7390300905,,,,,
2438,2438,11758,7390300906,,,,,
2439,2439,19308,7390300308,,,,,
2439,2439,11763,7390300302,,,,,
2439,2439,11764,7390300303,,,,,
2439,2439,11735,7390300309,,,,,
2440,2440,11765,7390300107,,,,,
2440,2440,11766,7390300102,,,,,
2440,2440,11767,7390300105,,,,,
2440,2440,11769,7390300103,,,,,
2441,2441,11771,7390300702,,,,,
2441,2441,11772,7390300703,,,,,
2441,2441,11773,7390300704,,,,,
2441,2441,11775,7390300705,,,,,
,2434,19309,7390301302,,,,,
,2434,11731,7390301303,,,,,
,2434,11734,7390301304,,,,,
5177,5177,11759,7390301102,,,,,
5177,5177,11760,7390301103,,,,,
5177,5177,11770,7390301104,,,,,
2442,2442,11776,7390301004,,,,,
2442,2442,11777,7390301003,,,,,
2442,2442,11779,7390301002,,,,,
2443,2443,11780,7390300608,,,,,
2443,2443,11781,7390300607,,,,,
2443,2443,11782,7390300606,,,,,
167,167,694,2430200216,,,,,
167,167,695,2430200202,,,,,
167,167,19658,2430200217,,,,,
167,167,696,2430200203,,,,,
167,167,697,2430200212,,,,,
168,168,699,2430200702,,,,,
168,168,19285,2430200708,,,,,
168,168,700,2430200707,,,,,
168,168,701,2430200706,,,,,
168,168,19286,2430200705,,,,,
169,169,703,2430200119,,,,,
169,169,704,2430200120,,,,,
169,169,19661,2430200122,,,,,
169,169,705,2430200111,,,,,
169,169,19123,2430200121,,,,,
169,169,706,2430200102,,,,,
170,170,708,2430250306,,,,,
170,170,714,2430250312,,,,,
170,170,19110,2430250313,,,,,
170,170,711,2430250302,,,,,
171,171,716,2430200804,,,,,
171,171,718,2430200802,,,,,
171,171,719,2430200803,,,,,
171,171,19372,2430200809,,,,,
172,172,20722,2430200311,,,,,
172,172,19116,2430200309,,,,,
172,172,723,2430200308,,,,,
172,172,724,2430200305,,,,,
172,172,725,2430200307,,,,,
173,173,726,2430200516,,,,,
173,173,728,2430200506,,,,,
173,173,729,2430200517,,,,,
173,173,730,2430200507,,,,,
176,176,733,2430200604,,,,,
176,176,734,2430200606,,,,,
176,176,735,2430200603,,,,,
176,176,738,2430200605,,,,,
176,176,19129,2430200607,,,,,
177,177,740,2430300506,,,,,
177,177,741,2430300503,,,,,
177,177,742,2430300505,,,,,
177,177,20723,2430300507,,,,,
178,178,752,2430350408,,,,,
178,178,745,2430350409,,,,,
178,178,20724,2430350410,,,,,
178,178,747,2430350404,,,,,
178,178,750,2430350403,,,,,
5183,5183,763,2430300702,,,,,
5183,5183,767,2430300703,,,,,
179,179,753,2430350312,,,,,
179,179,754,2430350311,,,,,
179,179,756,2430350304,,,,,
179,179,757,2430350306,,,,,
179,179,758,2430350313,,,,,
179,179,759,2430350303,,,,,
180,180,20725,2430300607,,,,,
180,180,761,2430300604,,,,,
180,180,762,2430300602,,,,,
181,181,766,2430300204,,,,,
181,181,768,2430300203,,,,,
182,182,743,2430350209,,,,,
183,183,770,2430300314,,,,,
183,183,771,2430300302,,,,,
183,183,772,2430300304,,,,,
183,139,556,2430300313,,,,,
5184,5184,746,2430300805,,,,,
5184,5184,748,2430300804,,,,,
5184,5184,749,2430300803,,,,,
208,208,958,2430401706,,,,,
208,208,961,2430401707,,,,,
209,209,911,2430400617,,,,,
209,209,912,2430400619,,,,,
210,210,915,2430400504,,,,,
210,210,925,2430400519,,,,,
210,210,917,2430400510,,,,,
210,210,918,2430400516,,,,,
211,211,919,2430400104,,,,,
211,211,920,2430400102,,,,,
211,211,922,2430400105,,,,,
212,212,923,2430401116,,,,,
212,212,931,2430401117,,,,,
212,212,935,2430401114,,,,,
213,213,926,2430400402,,,,,
213,213,928,2430400405,,,,,
213,213,19495,2430400407,,,,,
213,213,930,2430400403,,,,,
214,214,933,2430400213,,,,,
214,214,916,2430400214,,,,,
214,214,934,2430400212,,,,,
214,214,936,2430400211,,,,,
215,215,19675,2430401204,,,,,
215,215,937,2430401203,,,,,
216,216,939,2430400708,,,,,
216,216,940,2430400707,,,,,
216,216,942,2430400709,,,,,
216,216,943,2430400703,,,,,
217,217,19108,2430450110,,,,,
217,217,944,2430450111,,,,,
217,217,946,2430450103,,,,,
217,217,947,2430450107,,,,,
218,218,948,2430401303,,,,,
219,219,965,2430401504,,,,,
220,220,951,2430401402,,,,,
220,220,929,2430401404,,,,,
221,221,953,2430401004,,,,,
221,221,20731,2430401011,,,,,
221,221,913,2430401010,,,,,
221,221,954,2430401007,,,,,
221,221,956,2430401005,,,,,
222,222,957,2430400302,,,,,
222,222,959,2430400308,,,,,
222,222,960,2430400309,,,,,
222,222,19331,2430400314,,,,,
223,223,19101,2430401608,,,,,
223,223,963,2430401605,,,,,
224,224,966,2430450203,,,,,
224,224,967,2430450202,,,,,
224,224,968,2430450206,,,,,
224,224,969,2430450212,,,,,
,5247,1251,2430140110,,,,,
,277,1253,2430140115,,,,,
,277,1254,2430140116,,,,,
,275,1244,2430100905,,,,,
,275,1245,2430100902,,,,,
,275,1246,2430100906,,,,,
,276,1247,2430150805,,,,,
,276,1249,2430150808,,,,,
,276,1250,2430150802,,,,,
,278,1256,2430102204,,,,,
,278,1257,2430102203,,,,,
,278,1258,2430102205,,,,,
,278,1259,2430102202,,,,,
,278,1260,2430102206,,,,,
,278,20738,2430102207,,,,,
,279,1261,2430101906,,,,,
,236,1024,2430101903,,,,,
,279,1264,2430101904,,,,,
,279,1266,2430101907,,,,,
,279,20739,2430101908,,,,,
,280,1270,2430150607,,,,,
,5459,1269,2430102503,,,,,
,281,1271,2430150503,,,,,
,281,20741,2430150508,,,,,
,281,1273,2430150506,,,,,
,281,1274,2430150502,,,,,
,281,1275,2430150507,,,,,
,281,1276,2430150504,,,,,
,281,1277,2430150505,,,,,
,5460,1329,2430102604,,,,,
,5460,1330,2430102605,,,,,
,5460,1292,2430102602,,,,,
,5460,1293,2430102603,,,,,
,282,1278,2430101502,,,,,
,282,1279,2430101503,,,,,
,283,20742,2430150728,,,,,
,283,1281,2430150713,,,,,
,283,1282,2430150725,,,,,
,283,1284,2430150703,,,,,
,283,19232,2430150727,,,,,
,283,19304,2430150726,,,,,
,283,1285,2430150720,,,,,
,284,1286,2430100808,,,,,
,192,807,2430100819,,,,,
,284,1288,2430100818,,,,,
,284,1289,2430100809,,,,,
,285,1294,2430101803,,,,,
,285,19134,2430101806,,,,,
,286,1295,2430100110,,,,,
,286,1297,2430100117,,,,,
,286,1298,2430100116,,,,,
,286,1299,2430100115,,,,,
,287,1300,2430101704,,,,,
,287,1303,2430101702,,,,,
,287,1305,2430101705,,,,,
,288,1306,2430102005,,,,,
,288,1308,2430102004,,,,,
,288,1310,2430102007,,,,,
,288,1311,2430102003,,,,,
,289,1312,2430102103,,,,,
,289,1314,2430102102,,,,,
,289,1315,2430102104,,,,,
,289,19344,2430102106,,,,,
,290,1317,2430101605,,,,,
,290,1318,2430101603,,,,,
,200,896,2430101204,,,,,
,291,1323,2430101203,,,,,
,291,1325,2430101202,,,,,
,5461,1316,2430102702,,,,,
,5461,1301,2430102704,,,,,
,136,531,2430102705,,,,,
,224,970,2430102703,,,,,
,292,1326,2430101008,,,,,
,292,1327,2430101007,,,,,
,293,1331,2430150905,,,,,
,293,19968,2430150909,,,,,
,293,1332,2430150906,,,,,
,293,19225,2430150908,,,,,
,293,20197,2430150907,,,,,
,294,1334,2430150413,,,,,
,294,1335,2430150403,,,,,
,294,1336,2430150407,,,,,
,294,1337,2430150419,,,,,
,294,1338,2430150414,,,,,
,296,19113,2430102305,,,,,
,296,1341,2430102303,,,,,
,296,1342,2430102304,,,,,
,293,20197,2430102302,,,,,
,177,740,2430102403,,,,,
,297,1346,2430102404,,,,,
,297,1347,2430102402,,,,,
39,39,88,1360300203,,,,,
39,39,89,1360300205,,,,,
39,39,90,1360300206,,,,,
39,39,91,1360300204,,,,,
39,39,87,4180200614,,,,,
39,39,87,4180200614,,,,,
39,39,87,4180200614,,,,,
39,39,87,4180200614,,,,,
40,92,404,1360350211,,,,,
40,40,93,1360350202,,,,,
40,3226,15767,1360350210,,,,,
40,40,94,1360350204,,,,,
40,40,95,1360350208,,,,,
40,40,96,1360350205,,,,,
40,40,97,1360350206,,,,,
40,40,98,1360350207,,,,,
41,41,100,1360350103,,,,,
41,41,136,1360350110,,,,,
41,41,101,1360350109,,,,,
41,41,19497,1360350112,,,,,
41,41,139,1360350111,,,,,
41,41,102,1360350102,,,,,
42,42,104,1360301104,,,,,
42,42,105,1360301105,,,,,
42,42,106,1360301103,,,,,
42,42,107,1360301102,,,,,
43,43,19705,1360300611,,,,,
43,43,109,1360300603,,,,,
43,43,110,1360300606,,,,,
43,43,111,1360300608,,,,,
46,46,120,1360301006,,,,,
46,3182,15563,1360301002,,,,,
46,46,122,1360301003,,,,,
46,46,123,1360301005,,,,,
46,46,124,1360301007,,,,,
46,46,126,1360301004,,,,,
48,48,131,1360300302,,,,,
48,48,132,1360300305,,,,,
48,48,133,1360300303,,,,,
48,48,134,1360300304,,,,,
57,57,188,1360150812,,,,,
57,57,190,1360150808,,,,,
58,58,19717,1360150604,,,,,
58,58,206,1360150603,,,,,
58,58,192,1360150602,,,,,
61,61,19718,1360150708,,,,,
61,61,19719,1360150707,,,,,
61,55,19976,1360150702,,,,,
61,61,208,1360150706,,,,,
62,62,209,1360150506,,,,,
62,62,19720,1360150512,,,,,
5212,5212,228,1360101404,,,,,
5212,5212,220,1360101403,,,,,
5212,5212,223,1360101402,,,,,
66,66,229,1360100405,,,,,
66,66,230,1360100409,,,,,
66,66,231,1360100403,,,,,
66,66,232,1360100410,,,,,
66,66,234,1360100404,,,,,
5202,5202,56,1360101303,,,,,
5202,5202,57,1360101304,,,,,
5202,5202,60,1360101302,,,,,
67,67,193,1360100906,,,,,
67,67,196,1360100907,,,,,
67,67,235,1360100905,,,,,
67,67,236,1360100903,,,,,
67,67,238,1360100902,,,,,
67,67,239,1360100904,,,,,
1916,1916,46,1360450114,,,,,
1916,1916,47,1360450112,,,,,
1916,1916,19739,1360450119,,,,,
1916,1916,50,1360450115,,,,,
1916,1916,51,1360450113,,,,,
44,44,115,1360400303,,,,,
5203,5203,71,1360400802,,,,,
5203,5203,19742,1360400805,,,,,
5203,5203,73,1360400803,,,,,
1878,1878,19744,1360400111,,,,,
1878,5234,19674,1360400119,,,,,
1878,1878,58,1360400106,,,,,
1878,1878,19743,1360400118,,,,,
1878,1878,62,1360400117,,,,,
45,36,19746,1360400405,,,,,
45,45,117,1360400404,,,,,
45,45,119,1360400403,,,,,
5259,55,19712,1360400902,,,,,
37,96,410,1360450207,,,,,
37,37,81,1360450208,,,,,
37,37,82,1360450203,,,,,
37,37,19748,1360450212,,,,,
37,37,84,1360450204,,,,,
37,37,85,1360450209,,,,,
47,47,127,1360400510,,,,,
5080,5080,112,1360400602,,,,,
5080,3213,15709,1360400603,,,,,
5081,5081,128,1360400702,,,,,
49,49,137,1360450409,,,,,
49,49,138,1360450402,,,,,
59,59,194,1360250103,,,,,
59,110,431,1360250104,,,,,
59,59,197,1360250102,,,,,
60,60,199,1360200105,,,,,
60,60,204,1360200106,,,,,
5211,5211,241,1360200204,,,,,
5211,5211,203,1360200203,,,,,
5211,5211,245,1360200205,,,,,
5079,5079,218,1360200305,,,,,
5079,5079,216,1360200306,,,,,
5079,5079,212,1360200304,,,,,
63,63,213,1360200404,,,,,
63,63,215,1360200406,,,,,
63,63,217,1360200407,,,,,
64,64,19521,1360200516,,,,,
64,64,221,1360200503,,,,,
64,64,198,1360200515,,,,,
65,65,224,1360200604,,,,,
65,65,225,1360200603,,,,,
65,3310,15925,1360200602,,,,,
68,68,240,1360250207,,,,,
68,68,242,1360250209,,,,,
68,68,243,1360250213,,,,,
68,68,244,1360250211,,,,,
3209,3209,15700,1360500209,,,,,
3209,3209,19628,1360500208,,,,,
5224,5224,15689,1360500803,,,,,
5224,5224,15707,1360500802,,,,,
3210,3210,15690,1360500502,,,,,
3210,3210,15691,1360500503,,,,,
3210,3210,19630,1360500509,,,,,
3210,3210,15696,1360500504,,,,,
3211,3211,15698,1360500302,,,,,
3211,3211,19633,1360500308,,,,,
3211,3211,15701,1360500306,,,,,
3211,3211,15712,1360500310,,,,,
3211,3211,19634,1360500309,,,,,
3211,3211,19636,1360500311,,,,,
3212,3200,15649,1360500106,,,,,
3212,3212,15703,1360500108,,,,,
3212,3212,15704,1360500110,,,,,
3212,3212,15705,1360500107,,,,,
3212,3212,15708,1360500109,,,,,
3213,3213,19638,1360550205,,,,,
3213,3213,15709,1360550202,,,,,
3213,3213,15710,1360550204,,,,,
3213,3213,15720,1360550206,,,,,
3213,3213,15721,1360550207,,,,,
3214,3214,15713,1360500404,,,,,
3214,3214,15714,1360500403,,,,,
3214,3214,15716,1360500405,,,,,
3214,3214,15717,1360500412,,,,,
3214,3214,15718,1360500402,,,,,
3215,3215,15719,1360500602,,,,,
3215,3215,15692,1360500610,,,,,
3215,3186,15583,1360500609,,,,,
3215,3215,15722,1360500604,,,,,
3215,3215,15723,1360500603,,,,,
3215,3215,15695,1360500607,,,,,
3215,3215,15697,1360500608,,,,,
498,498,2478,4450450315,,,,,
498,498,2479,4450450310,,,,,
498,498,2480,4450450307,,,,,
498,498,2481,4450450302,,,,,
498,498,2482,4450450304,,,,,
498,498,2483,4450450306,,,,,
498,498,2484,4450450308,,,,,
498,498,2485,4450450305,,,,,
498,498,2486,4450450313,,,,,
498,498,2487,4450450309,,,,,
498,498,2488,4450450311,,,,,
498,498,2489,4450450312,,,,,
498,498,2490,4450450314,,,,,
498,498,2491,4450450303,,,,,
498,498,2492,4450450317,,,,,
498,498,2493,4450450316,,,,,
499,499,2495,4450450405,,,,,
499,499,2496,4450450404,,,,,
499,5334,2497,4450450413,,,,,
499,499,2498,4450450406,,,,,
499,499,2499,4450450409,,,,,
499,3327,2545,4450450412,,,,,
499,499,2500,4450450407,,,,,
499,499,2501,4450450411,,,,,
499,524,2658,4450450410,,,,,
499,499,2502,4450450403,,,,,
501,501,2512,4450400505,,,,,
501,501,2513,4450400507,,,,,
501,501,2514,4450400504,,,,,
501,501,19983,4450400512,,,,,
501,501,2519,4450400508,,,,,
5333,5333,19984,4450402003,,,,,
,501,2552,4450402205,,,,,
,501,2515,4450402208,,,,,
,501,2516,4450402206,,,,,
,501,2517,4450402207,,,,,
,498,2554,4450402202,,,,,
,501,2518,4450402209,,,,,
,498,2557,4450402203,,,,,
,5278,2560,4450402204,,,,,
2274,2274,2540,4450401002,,,,,
5334,5334,2538,4450401803,,,,,
570,570,2931,4450402102,,,,,
570,570,2932,4450402104,,,,,
570,570,19995,4450402111,,,,,
570,570,2933,4450402107,,,,,
570,503,2532,4450402106,,,,,
570,570,2935,4450402108,,,,,
502,502,2522,4450750109,,,,,
502,502,2523,4450750103,,,,,
502,502,2524,4450750113,,,,,
502,502,2525,4450750110,,,,,
502,502,2526,4450750102,,,,,
503,503,19395,4450700111,,,,,
503,503,2530,4450700105,,,,,
503,503,2532,4450700110,,,,,
503,503,2534,4450700108,,,,,
503,503,2536,4450700102,,,,,
503,503,2537,4450700109,,,,,
3327,525,2659,4450700708,,,,,
3327,3327,2542,4450700706,,,,,
3327,3327,2543,4450700705,,,,,
3327,3327,2546,4450700704,,,,,
5335,5335,2528,4450700204,,,,,
5335,5335,19986,4450700205,,,,,
5335,5335,2531,4450700203,,,,,
5335,5335,19987,4450700206,,,,,
5335,5335,2533,4450700202,,,,,
507,507,2561,4450700302,,,,,
507,507,2562,4450700304,,,,,
508,508,2565,4450700409,,,,,
508,508,2922,4450700413,,,,,
508,508,2566,4450700405,,,,,
508,508,2567,4450700406,,,,,
508,508,2568,4450700407,,,,,
508,508,2569,4450700408,,,,,
508,472,2348,4450700410,,,,,
509,509,2572,4450700503,,,,,
509,509,2573,4450700502,,,,,
5348,502,2520,4450700603,,,,,
5348,5348,19996,4450700602,,,,,
5348,502,2527,4450700604,,,,,
510,510,2575,4450700805,,,,,
510,510,2576,4450700802,,,,,
510,5278,2577,4450700808,,,,,
510,510,2578,4450700807,,,,,
510,510,2579,4450700804,,,,,
510,510,2581,4450700809,,,,,
454,454,19845,4450600617,,,,,
454,454,2221,4450600609,,,,,
454,454,19086,4450600614,,,,,
454,454,2222,4450600606,,,,,
454,454,2223,4450600607,,,,,
454,454,2224,4450600603,,,,,
454,454,2225,4450600604,,,,,
454,454,2226,4450600605,,,,,
5284,5284,2289,4450600104,,,,,
5284,5284,2291,4450600107,,,,,
5284,5284,2292,4450600102,,,,,
5284,5284,2285,4450600106,,,,,
5284,5284,2295,4450600103,,,,,
5284,5284,19843,4450600105,,,,,
461,461,2265,4450600505,,,,,
461,461,2266,4450600502,,,,,
461,461,2267,4450600503,,,,,
462,462,2268,4450650118,,,,,
462,462,2269,4450650110,,,,,
462,462,2270,4450650117,,,,,
462,462,19853,4450650122,,,,,
462,462,2272,4450650121,,,,,
462,462,19105,4450650109,,,,,
462,462,2273,4450650105,,,,,
464,464,2278,4450600402,,,,,
464,464,2279,4450600403,,,,,
464,464,2280,4450600407,,,,,
464,464,2281,4450600410,,,,,
464,464,2283,4450600405,,,,,
464,464,2284,4450600406,,,,,
464,464,2286,4450600404,,,,,
465,465,2288,4450650222,,,,,
465,465,2290,4450650214,,,,,
465,465,2294,4450650202,,,,,
465,465,2296,4450650213,,,,,
471,471,2335,4450600202,,,,,
471,471,2336,4450600208,,,,,
471,471,2338,4450600207,,,,,
473,471,2337,4450600306,,,,,
473,471,2340,4450600307,,,,,
1875,472,2342,4450800504,,,,,
1875,472,2345,4450800502,,,,,
1875,472,2347,4450800503,,,,,
456,456,2230,4450800302,,,,,
456,456,2232,4450800309,,,,,
456,456,2233,4450800310,,,,,
456,456,2234,4450800306,,,,,
456,456,19847,4450800304,,,,,
456,456,19848,4450800303,,,,,
456,456,2235,4450800305,,,,,
,470,2324,4450800404,,,,,
,470,2331,4450800403,,,,,
,470,2333,4450800402,,,,,
467,467,2298,4450800113,,,,,
467,467,2299,4450800107,,,,,
467,467,2300,4450800108,,,,,
467,467,2301,4450800109,,,,,
467,467,19855,4450800115,,,,,
467,467,2303,4450800105,,,,,
467,467,19856,4450800114,,,,,
470,470,2320,4450850112,,,,,
470,470,2321,4450850122,,,,,
470,467,2299,4450850123,,,,,
470,470,2323,4450850120,,,,,
470,470,2325,4450850111,,,,,
470,470,2326,4450850113,,,,,
470,470,2327,4450850128,,,,,
470,470,19860,4450850130,,,,,
470,470,2328,4450850124,,,,,
470,470,2330,4450850121,,,,,
470,470,2332,4450850126,,,,,
470,470,19858,4450850132,,,,,
470,470,2334,4450850129,,,,,
472,472,2343,4450800205,,,,,
472,472,2344,4450800204,,,,,
472,472,2346,4450800206,,,,,
563,563,19801,4450900114,,,,,
563,563,2886,4450900111,,,,,
563,563,2709,4450900113,,,,,
563,563,2887,4450900102,,,,,
563,563,2869,4450900116,,,,,
563,563,19802,4450900117,,,,,
563,563,2888,4450900109,,,,,
563,563,2889,4450900112,,,,,
563,563,19803,4450900104,,,,,
563,563,2870,4450900115,,,,,
563,5289,20802,4450900103,,,,,
563,563,2891,4450900106,,,,,
563,563,2892,4450900107,,,,,
563,563,2894,4450900108,,,,,
,571,2938,4450900308,,,,,
,571,2939,4450900309,,,,,
,571,2942,4450900306,,,,,
,571,2943,4450900307,,,,,
,571,2944,4450900303,,,,,
,563,2890,4450900305,,,,,
,563,19805,4450900302,,,,,
,563,2893,4450900304,,,,,
571,571,19817,4450900223,,,,,
571,571,2966,4450900225,,,,,
571,571,2937,4450900214,,,,,
571,571,2941,4450900216,,,,,
571,571,2916,4450900220,,,,,
571,571,19816,4450900222,,,,,
571,571,2945,4450900217,,,,,
571,571,2946,4450900208,,,,,
571,571,19814,4450900221,,,,,
571,571,2978,4450900224,,,,,
576,576,2980,4450300204,,,,,
576,576,2981,4450300205,,,,,
576,576,2982,4450300202,,,,,
576,576,2983,4450300207,,,,,
576,576,2984,4450300206,,,,,
576,529,20046,4450300203,,,,,
578,578,2991,4450300303,,,,,
578,578,2992,4450300306,,,,,
578,578,2993,4450300302,,,,,
578,578,2995,4450300304,,,,,
578,578,2996,4450300305,,,,,
579,579,2997,4450300405,,,,,
579,579,2998,4450300406,,,,,
579,548,20083,4450300404,,,,,
579,579,3001,4450300402,,,,,
581,581,3006,4450300506,,,,,
581,581,3007,4450300507,,,,,
581,581,3008,4450300503,,,,,
581,581,3009,4450300502,,,,,
581,581,3011,4450300508,,,,,
581,581,3012,4450300505,,,,,
584,584,3023,4450300103,,,,,
584,584,3025,4450300104,,,,,
586,586,3032,4450350109,,,,,
586,586,3033,4450350113,,,,,
586,586,3034,4450350105,,,,,
586,586,3035,4450350114,,,,,
586,586,3036,4450350111,,,,,
586,586,3037,4450350108,,,,,
586,586,3039,4450350102,,,,,
586,586,3040,4450350107,,,,,
565,565,2899,4450500614,,,,,
565,565,2904,4450500605,,,,,
5356,5356,2967,4450501803,,,,,
5356,5356,2970,4450501804,,,,,
5356,5356,2972,4450501805,,,,,
5356,5356,2954,4450501810,,,,,
5356,5356,20098,4450501808,,,,,
5356,573,2955,4450501809,,,,,
5356,5356,2974,4450501802,,,,,
5356,5356,20099,4450501807,,,,,
5356,573,2960,4450501811,,,,,
566,566,2905,4450500302,,,,,
566,566,20100,4450500313,,,,,
566,566,2907,4450500303,,,,,
566,490,2461,4450500310,,,,,
567,567,2909,4450501303,,,,,
567,567,20102,4450501312,,,,,
567,565,2910,4450501314,,,,,
567,567,2911,4450501309,,,,,
567,567,20103,4450501310,,,,,
567,567,2912,4450501308,,,,,
567,567,20104,4450501311,,,,,
567,567,2913,4450501313,,,,,
575,575,2969,4450550206,,,,,
575,575,2971,4450550204,,,,,
575,575,2973,4450550208,,,,,
575,575,2976,4450550207,,,,,
575,575,2977,4450550214,,,,,
577,587,20131,4450201011,,,,,
577,587,3047,4450201009,,,,,
577,577,3048,4450201007,,,,,
577,587,3049,4450201010,,,,,
577,577,2988,4450201003,,,,,
577,577,3050,4450201006,,,,,
577,577,2990,4450201002,,,,,
1158,1158,20128,4450201205,,,,,
1158,1158,3002,4450201202,,,,,
1158,1158,3004,4450201204,,,,,
1158,1158,3005,4450201203,,,,,
582,582,3041,4450200412,,,,,
582,587,3042,4450200410,,,,,
582,587,3043,4450200411,,,,,
582,587,3044,4450200407,,,,,
582,587,3045,4450200413,,,,,
582,582,3013,4450200404,,,,,
582,582,3014,4450200403,,,,,
582,582,3015,4450200402,,,,,
582,582,3017,4450200405,,,,,
582,587,3051,4450200409,,,,,
582,587,3052,4450200408,,,,,
582,582,3018,4450200406,,,,,
583,583,3019,4450250503,,,,,
583,583,3020,4450250502,,,,,
583,583,3022,4450250508,,,,,
585,585,3026,4450200603,,,,,
585,585,3027,4450200606,,,,,
585,585,3028,4450200602,,,,,
585,585,3029,4450200605,,,,,
585,585,20129,4450200608,,,,,
585,585,3031,4450200604,,,,,
5357,5357,2986,4450201302,,,,,
5357,5357,3046,4450201303,,,,,
